"POS" "KL"
1 1.87357843017023
2 1.27321123362433
3 0.971625639704627
4 1.17442455164629
5 0.760659176484507
6 0.971697653636149
7 1.57228617865878
8 1.57218601778916
9 1.03299609039273
10 1.8729625286372
11 1.22561166054961
12 0.729067238531766
13 1.33150325779045
14 0.761279437126985
15 1.176016082619
16 0.9714010639609
17 0.761307579792671
18 0.728359376482821
19 0.728778739953191
20 1.17444940029148
21 0.724329773190651
22 1.26523137353327
23 1.17427472198482
24 0.759760259034072
25 0.761337271002728
26 1.17385882516539
27 0.728998488103739
28 0.7290689696179
29 0.761385365711645
30 1.33623649840307
31 0.729084320869359
32 1.26544968600823
33 1.33152617426871
34 0.72906918651988
35 1.3368120607585
36 1.26524335177167
37 0.728925367298181
38 1.39852267954152
39 0.729084007764401
40 1.3984959704452
41 1.26458692015334
42 1.27317225152305
43 1.39822234121936
44 1.39826643978795
45 1.17599634497777
46 1.33134377896458
47 0.761333252198755
48 1.17599471535209
49 0.759953995498978
50 0.970462067019344
51 0.728645932350133
52 0.760332467233769
53 1.574286641385
54 1.57690909763293
55 0.967850717938415
56 1.17441454690826
57 1.2732088696723
58 0.759545812437514
59 1.27319627746149
60 0.971685761363366
61 1.397495545475
62 0.754134741496287
63 1.57426552958616
64 1.17578647880041
65 0.729037041478134
66 1.17550486989203
67 0.971148867138955
68 0.968805513661724
69 1.3976234916334
70 0.760848000167803
71 1.56673530462072
72 1.87787367391234
73 0.726364558914478
74 0.728878095133977
75 0.759874486453845
