"POS" "KL"
1 1.73500453277843
2 1.0699816147351
3 1.12475854645887
4 1.17499080503166
5 1.29486445606706
6 1.19911717307767
7 1.204320701742
8 1.0504321940985
9 1.20525705197017
10 1.26254717104125
11 1.468084667382
12 1.46804939226541
13 0.798267246249005
14 1.50878220579683
15 1.50667096363056
16 0.798280808275139
17 0.796148816979646
18 1.46840523600217
19 1.33838107274262
20 1.49184138299589
21 1.29504670272512
22 0.798386680938701
23 1.26081121198268
24 1.05055041406065
25 1.20034572728977
26 1.29721874329902
27 0.798310760870441
28 1.29399606747575
29 0.795065461726811
30 1.17097215924744
31 1.49160060774095
32 1.05088242153563
33 1.7422160652018
34 0.79728918916856
35 0.798440445480884
36 1.79975860339997
37 1.29756370543188
38 1.07926323263586
39 1.39735228280932
40 1.07875548227118
41 1.29500373995126
42 1.20484871117917
43 1.29480258940409
44 1.20396265697361
45 1.29740247441956
46 0.797111697516105
47 1.39735821137297
48 1.04934817837835
49 1.05042136071016
50 1.50893184797953
51 0.798445012456084
52 1.04884670494089
53 1.29728229726285
54 0.798431998244045
55 1.49177157971576
56 0.798381983722986
57 0.798339529060566
58 1.49184606801099
59 1.64499624843556
60 1.2630297474527
61 1.20538450066535
62 0.798426653749139
63 0.839407727149816
64 1.74330881937655
65 1.29756583390039
66 1.26255171317788
67 0.798268241004848
68 1.07962580757181
69 1.07682103079289
70 1.25231444619323
71 1.39684529358145
72 1.20492239503324
73 1.05017221375294
74 1.29486279096364
75 1.49129640852362
76 1.04893503877088
77 1.20501962383079
78 1.19962791386492
79 1.20033961813655
80 1.05014666772605
81 1.07821667560574
82 0.823394687386867
83 1.07907234947099
84 1.73344570538618
85 1.07709676590721
86 1.74328800406086
87 0.797613347274143
88 1.26322245115817
89 1.19765358756325
90 0.798207778074136
91 1.73448706207864
92 1.49184765186292
93 0.797922526745814
94 1.17573438785771
95 1.39736632776015
96 1.29757628000173
97 1.05036288271766
98 1.07889884237648
99 1.17633228044224
100 1.29729198976681
101 1.20464246251875
102 0.798437884363796
103 1.29744590422692
104 1.05760664800369
105 1.20498310606529
106 1.20538567886912
107 1.20425232843254
108 1.17637398344903
109 1.73290319967358
110 1.49184562359244
111 1.17636643082142
112 1.29750999125385
113 1.29505330249672
114 1.64492922176984
115 1.46845358859169
116 1.20535417959708
117 1.29492955997922
118 1.05081865519816
119 0.79843556210652
120 0.798360807008247
121 1.29505548027815
122 1.26345061288309
123 1.64470858748398
124 0.797842997727064
125 1.65453564356904
126 1.20014908068826
127 1.20507772251303
128 1.05054361153033
129 0.798142559973826
130 1.20536063702839
131 1.20481822898663
132 1.6448407966523
133 0.79839682562337
134 0.798427498118489
135 1.46828587363595
136 1.17537418167763
137 1.46846416087955
138 0.79829978421146
139 1.26325774434879
140 1.0507901370469
141 1.2004460811985
142 1.07933988203425
143 1.26343429560929
144 1.05062967687665
145 0.798312266749034
146 1.20384206795603
147 1.20041568570508
148 1.65870136717615
149 0.798416451001885
150 1.20499942057381
151 1.0507313042809
152 1.079854271434
153 1.20044025191074
154 1.6599780732148
155 1.65710543398626
156 0.798407040481272
157 1.20043504440245
158 1.20382175230578
159 1.74387992647002
160 1.60526571750426
161 1.05053467157181
162 1.50801193642749
163 1.60535384232474
164 0.798393794402009
165 1.6449837183226
166 1.50868109773583
167 1.46777853918657
168 1.05040808406488
169 1.20534987417055
170 1.26342332193937
171 1.07992588039601
172 1.20538014485315
173 1.17570501444141
174 1.20451576154987
175 1.20460236621224
176 0.798435484052602
177 1.17636307234922
178 1.39733096514544
179 1.39737232377556
180 1.50883886990396
181 0.798429223818519
182 1.20043850061699
183 1.07993587990538
184 1.17628414217883
185 1.79910588125242
186 1.20467855641675
187 1.26341434459329
188 1.0793629218654
189 1.20020371587936
190 1.60517949280533
191 1.17636240601797
192 1.20044233023044
193 1.29757995064295
194 1.07984641193188
195 1.07993407489638
196 1.39737235708214
197 1.1644584733571
198 1.20499125342453
199 1.39733793040522
200 1.20496924554676
201 1.05042584943495
202 1.2004423973118
203 1.29507154330154
204 1.39724795306247
205 1.50888956179693
206 0.798444769851341
207 1.29471419539504
208 1.20372520482749
209 1.60143755240103
210 1.65980300715674
211 1.17627423976912
212 1.17545704827537
213 1.17628127224808
214 1.17515790495288
215 1.6052713073732
216 1.29500977806597
217 1.050794156557
218 1.07991160378752
219 0.798448414922225
220 0.798438288986222
221 1.26341545146329
222 1.79971578737042
