"POS" "KL"
1 1.75628226184183
2 1.06013364205226
3 1.15688080347366
4 1.27709735842543
5 0.990905342463731
6 1.17852220849614
7 1.07530608901612
8 1.27443082320176
9 1.06123204438109
10 1.16448135878699
11 1.27664348728035
12 1.0486231424255
13 0.868848504558385
14 1.1631279381774
15 1.47124531471812
16 1.11362266836477
17 1.50422538188472
18 0.973948485115495
19 0.991092403641923
20 1.18063684870771
21 1.06081913752068
22 1.252198395782
23 1.06036854669716
24 1.11099937985531
25 0.990055542365697
26 1.06058341617818
27 1.2767177748173
28 1.07645890351805
29 1.27611419462188
30 0.99098154147527
31 1.55824601167837
32 1.1635006638194
33 1.01365893536137
34 0.990600818232301
35 1.0480084296558
36 1.16514353853033
37 1.06002398840991
38 1.12094482661853
39 1.0755667346804
40 1.16358225210507
41 1.16412708629522
42 1.18286949279453
43 1.07704200116591
44 0.991910240318839
45 1.180001570037
46 1.1804704173263
47 1.27716725410606
48 1.27700505287348
49 1.11299283348442
50 1.05126661482736
51 1.06235133724461
52 1.92103002425282
53 1.5042395956952
54 1.11587532177915
55 1.05155473147136
56 1.17954168664948
57 1.1159532538646
58 1.07742551012675
59 2.01618209996378
60 0.992044508923115
61 1.12167854499839
62 1.56064689300131
63 0.878468283598564
64 1.18004976486285
65 1.12113665559761
66 1.50428993483357
67 1.11980972607136
68 1.16513698167854
69 0.992336100313367
70 1.07693452816951
71 0.992377940995757
72 1.71448476850634
73 1.18286465198362
74 1.47119517521676
75 1.2773631435988
76 1.11576735195632
77 1.27724324451595
78 1.06221121299598
79 1.0612924664897
80 1.1613850092161
81 1.25329942494895
82 1.25433682635942
83 1.07692704689044
84 1.47123539059797
85 0.992386467918514
86 1.56519342313282
87 1.56518166320898
88 1.16593923692754
89 1.16522091286304
90 1.04750251893222
91 1.11558254912412
92 1.16592772775762
93 1.16585320164632
94 1.4712489442737
95 1.16548935755528
96 0.991361420207209
97 0.990604561513631
98 1.25412078628251
99 0.992256556286495
100 1.12172240680006
101 1.7550320642706
102 1.12177934364121
103 1.25237271825108
104 1.1800533292518
105 1.06209779980717
106 1.18277065497082
107 1.1659546096629
108 1.92104401380973
109 1.56501614186305
110 1.50431531733102
111 1.56518957630565
112 1.56519680121927
113 1.17981898623957
114 0.992389989206445
115 1.11595474350851
116 0.992386846754661
117 1.182827179054
118 1.56061932065259
119 1.04751294568564
120 0.991072251862052
121 1.17980458787942
122 1.18012741595399
123 1.56516834312513
124 0.991868536898798
125 1.05143976227991
126 1.27680634050675
127 1.12104892666312
128 1.25233395258163
129 0.991955641743748
130 1.47090723341666
131 1.47027859404201
132 1.92104800253011
133 1.71608007728558
134 1.05044698656765
135 1.10648281595005
136 1.48096870178194
137 0.991766872671582
138 1.05208572834796
139 1.17714192009156
140 1.27666764745654
141 1.11401809354427
142 1.17829196114474
143 1.12189082823646
144 1.24936333691057
145 2.01334616936782
146 1.47148184716233
147 0.991320569288486
148 1.1152052452958
149 1.16596123243694
150 1.27712165374619
151 1.13726852642894
152 1.04623746209052
153 1.27734429121376
154 1.27713228209573
155 1.05042547249473
156 1.0505395434485
157 1.47074905860299
158 1.71598600984898
159 1.17997985744034
160 1.07732932323027
161 1.17761159477305
162 1.181565180171
163 1.07603063375148
164 0.991813779777171
165 1.11490580544652
166 1.11367707124442
167 1.17838914882088
168 1.17991447782686
169 1.121611381871
170 0.992161516889278
171 1.50416379839187
172 1.5651824695532
173 1.0502773325044
174 1.56086511323816
175 0.992380597667294
176 1.06232246454689
177 1.16573192953565
178 0.99119028000198
179 0.988615090005915
180 1.06104659580264
181 1.07694803700346
182 1.04971263750279
183 1.05801805618661
184 1.06223861559459
185 1.16509414820013
186 1.06122033754495
187 1.05866999599534
188 1.06207013553339
189 1.16516047029257
190 1.05880941920713
191 1.16490451824327
192 1.27682212004832
193 1.05685258111074
194 1.03570399898206
195 1.16148349182615
196 1.27645644471167
197 1.05955846206518
198 1.11497939100887
199 1.12331592784704
200 0.990169920099393
201 1.06072179476938
202 1.05231378095094
203 0.948566860915058
204 0.791827599317307
205 1.07850883317319
206 1.05945992077126
207 1.17728957679108
208 1.02570356073966
209 1.16227582615465
210 1.75219563893162
211 1.0472974627342
212 0.989051312790399
213 1.27438536721891
214 0.990754210592001
215 1.3668284475894
216 1.25407749460186
217 1.05066951749117
218 1.05002752843146
219 1.17794947432734
220 1.05104286601609
221 1.17931418907892
222 1.17998044341444
223 1.17995093280639
224 1.17952716525932
225 1.25422533082973
226 1.16560974417319
227 1.17985851171171
228 1.27619963988727
229 1.05255090663141
230 1.1765979428434
231 1.5603824708934
232 1.06070040173377
233 1.1217998317042
234 1.71097183849316
235 0.994070154223595
236 0.990599686550357
237 1.12088100777633
238 0.989626332437338
239 1.076706235448
240 1.07666272063241
241 1.07660600916579
242 1.07661903333984
243 0.989713809595617
244 1.07621991222492
245 1.11490134490474
246 1.71554763234242
247 1.1140197426753
248 1.12127114700015
249 1.12178028545091
250 1.06167745184476
251 1.05058119603567
252 1.05025740718934
253 1.56021109905296
254 1.05191607397677
255 1.06208520701772
256 1.12093272367237
257 1.12163242113613
258 1.1820863868438
259 1.16582897533472
260 1.07681267759501
261 1.12187985062787
262 1.16594062046911
263 1.11566682709373
264 1.05262529814121
265 1.11436805939097
266 1.12174551684219
267 1.05150202524169
268 1.56509616858467
269 1.27698520399573
270 1.71231295585427
271 1.11212955470258
272 1.07719876818155
273 1.05166690645205
274 1.50431392221023
275 0.99232252114114
276 1.16560161741394
277 1.16596642518698
278 0.992388215310403
279 1.17862736467984
280 1.56063373135362
281 1.07656045109291
282 1.11426522145183
283 1.07701393639733
284 0.992388295019465
285 1.27734684943356
286 1.50431576369334
287 0.992391828752922
288 1.25293416983778
289 1.07493479850427
290 1.5605338368713
291 1.18007997387463
292 1.46986754361916
293 1.1657768563459
294 1.07651840511834
295 0.992391828752922
296 1.1137979530308
297 1.25321005616496
298 1.56508173465751
299 1.12159040810641
300 2.00896343937283
301 1.92104740341991
302 1.18247165015934
303 1.0773066738609
304 1.47129978499824
305 1.05266039092572
306 1.0769180916124
307 1.50350918963075
308 1.0515649998641
309 1.18273305524899
310 1.06172152073404
311 1.05165361568474
312 1.06234765425394
313 1.05241082447007
314 1.50432774982584
315 1.50431102305767
316 0.992376602705909
317 1.7548307242456
318 1.06232247413814
319 1.16504716451726
320 1.471074488315
321 0.991402153100602
322 1.75334144122862
323 1.56051954357668
324 1.71548691259773
325 1.11431450091341
326 1.17900086024991
327 1.05346099231127
328 0.992195144711936
329 1.11571521353867
330 1.92025435970895
331 1.17933646026185
332 1.11544442911358
333 1.56514352164705
334 1.11273001229998
335 0.992384105883441
336 1.05156100192625
337 1.47089969180881
338 1.12175834199228
339 1.17976469537951
340 1.25363273075575
341 1.25387558533063
342 1.12153864762513
343 1.19895195746991
344 1.18143354113584
345 1.27518599449057
346 1.50426099733065
347 1.12174403679773
348 1.25215764342986
349 1.07718811844837
350 1.71481532116024
351 1.47106574770274
352 1.17991301449524
353 1.18000452758146
354 1.27670299390756
355 1.12155392432409
356 2.01621284926211
357 1.47090919694467
358 1.25405241433764
359 1.05010708324012
360 1.56509009151815
361 1.12124813214509
362 1.1037491768516
363 1.50364344628127
364 1.17793166904804
365 1.17478978909952
366 1.10903257285551
367 1.55969858156266
368 1.18073210398399
369 1.12003529665898
370 1.12035729106198
371 1.2512073181215
372 1.12159446881736
373 1.11534043922263
374 1.12032987618527
375 1.12036740329162
376 1.04457314056825
377 1.08039503567678
378 1.55659073533142
379 1.10989416645111
380 1.07632880037119
381 1.05134038167239
382 1.17966023332672
383 1.17257029655267
384 1.07653136649691
385 1.1630086492505
386 1.07689881417163
387 1.12025348848907
388 1.12168753727402
389 1.07145564229825
390 1.07688750486524
391 1.1089189230821
392 1.71502988097198
393 1.11514268989846
394 1.18002253408583
395 1.1799182520772
396 1.18265812736982
397 1.0522223326214
398 1.04785635197398
399 1.25214367757418
400 1.17998393974641
401 1.25192514704122
402 1.25094582910438
403 1.50429430419292
404 1.06225644716111
405 1.12166473393148
406 1.07722751266941
407 1.18008807120514
408 1.07727978919896
409 1.07613493151301
410 1.06191050639738
411 1.75525691366846
412 1.06014972585074
413 0.819819091536857
414 1.04949990358335
415 1.25346052569131
416 1.0604378564844
417 1.11463944624793
418 1.07300249695795
419 1.05189846261578
