"POS" "KL"
1 1.27733397454697
2 1.57809654631283
3 1.1008963388523
4 1.0988375094891
5 0.880495454645792
6 0.97737821887233
7 0.97374234947986
8 1.27226777706609
9 0.973448270010349
10 1.57077712008883
11 0.973782932846607
12 1.28277206042046
13 1.10043738723836
14 1.10112168967632
15 1.27904926034814
16 0.979975766686551
17 0.979577154520444
18 0.980143057276601
19 1.5772255547163
20 1.27738023807252
21 1.2765256663289
22 0.879482090283234
23 1.24203940797852
24 1.26956283788924
25 0.880397816944809
26 1.10131306229646
27 1.10097371528824
28 1.27470992257928
29 1.58024649467635
30 0.973986546405768
31 1.57268580595204
32 0.977429451517044
33 0.977259518840034
34 0.880364095041757
35 0.973013393231258
36 0.880337005168984
37 0.938133140385949
38 1.28100762411005
