"POS" "KL"
1 1.83662942111019
2 1.32521296248829
3 0.956528451116525
4 1.29014390732011
5 1.83545199288412
6 1.66149166341296
7 1.10931410328663
8 1.28985535513298
9 1.06320213943265
10 1.10886143324956
11 1.29319692397791
12 1.06296645142291
13 1.03606186766211
14 1.06257206805032
15 0.949024636958153
16 1.39328456228829
17 1.48459627422554
18 1.28937520566105
19 1.3980907230952
20 1.10839590761804
21 1.39209658069062
22 1.32379873030102
23 1.31339108734943
24 1.06075750668307
25 1.35621159776569
26 0.774503480602749
27 1.31680108537379
28 1.28936422982996
29 1.03879706309807
30 1.65960484382025
31 1.32183220940725
32 1.06288948967852
33 1.31649627816884
34 1.06309311168244
35 1.10391174048898
36 1.36048489658088
37 1.10634492444948
38 1.48181858680638
39 1.32194118327746
40 1.0990174407215
41 0.950782243004348
42 1.3220747401002
43 1.28702816431186
44 1.29088579079063
45 1.65950399823658
46 0.955368523936304
47 1.10805922982833
48 1.03805253303817
49 1.28857685135138
50 1.03808061998258
51 1.32346090961733
52 0.953573010768641
53 0.951208999032431
54 1.30950317162221
55 1.03698601836611
56 1.289602866492
57 1.3787027040155
58 1.10174660506636
59 1.32163117488917
60 1.09940374628
61 1.39635404497769
62 1.10677189577349
63 1.1069524675252
64 1.06290877057494
65 0.954697597173148
66 1.39621344077548
67 1.39421858148329
68 1.65222400734017
69 1.65634922402485
70 1.48510455781874
71 0.955556486104736
72 1.320401450926
73 0.955445445184471
74 1.09735927065488
75 1.39525997283845
76 1.2933010921362
77 1.03490171586205
78 1.51199985494079
79 1.28956051429566
80 1.03983060998945
81 1.5935748233647
82 1.53692387883316
83 0.953117321994897
84 0.956907356063558
85 0.953225506216744
86 0.955555376896788
87 1.28942477280193
88 1.03752584221116
89 1.05685228900712
90 1.03630770430373
91 1.20880148955728
92 1.10001307580613
93 1.52844769897117
94 0.947204393752523
95 0.949541957241821
96 0.95414692121693
97 1.03681905560558
98 1.32278301825573
99 1.31628445157462
100 1.28312808741584
101 0.950118664030444
102 1.39815465587251
103 1.32163461201185
104 1.32222438377813
105 1.28843730276509
106 0.9130600759696
107 1.20602473007737
108 0.949762551198441
109 1.20831920980508
110 1.31425132174567
111 0.956952511381857
112 1.03563227977908
113 1.20856896887518
114 1.28963220531976
115 0.956767287281627
116 1.48470247784628
117 1.10368673151691
118 1.10740611667266
119 1.53695762901948
120 1.28993373007579
121 1.04000052360262
122 1.66048421679586
123 1.10832496429596
124 1.10948301224602
125 1.83380684684432
126 1.66013958403775
127 0.955943298300283
128 1.65956984254842
129 0.955509058156368
130 1.59520662007533
131 1.64701408120868
132 1.39727297175556
133 1.59530685252687
134 1.65393096110046
135 1.10419862505867
136 1.39654217383345
137 1.53687154984607
138 1.36106602662188
139 0.956998930319376
140 0.938363413690248
141 1.20911279527566
142 1.32508463103637
143 1.32279814651414
144 1.53614203244929
145 1.20812239678083
146 1.29018214569827
147 0.954917523997513
148 1.59524778527987
149 1.66223915175475
150 1.53187302730411
151 1.05477217296983
152 1.53702099808224
153 1.59444695110917
154 1.20870614989811
155 1.31047619080276
156 1.20896559322425
157 1.59539228386411
158 1.1091949176349
159 1.36040779536598
160 1.20915873628184
161 1.53699868094198
162 1.10350408782003
163 1.03962100744708
164 1.06494784979695
165 1.09157194870191
166 1.10035966168653
167 1.10978507890104
168 1.04022545422613
169 1.10896602458402
170 1.06489004105074
171 1.09196431521847
172 1.23583584884835
173 1.32421146659118
174 1.28698161573185
175 1.05363666451334
176 1.06215648889065
177 1.1025220971227
178 1.36005526701198
179 1.10894336589778
180 1.09950054799704
181 1.39510215273146
182 1.53067466560039
183 1.32483106605434
184 1.20886308484166
185 1.48119373426616
186 1.10884990390496
187 1.29402828180915
188 1.29133780605072
189 1.20825960840114
190 1.06437056320214
191 1.39841473973947
192 1.39713644549663
193 1.65982370019687
194 1.39817555979473
195 1.10200335786663
196 1.29223906942524
197 1.03981564221174
198 1.3969056891045
199 1.3257323204662
200 1.59488299966207
201 1.04011221228038
202 1.03575072893451
203 0.957119335564674
204 1.53172614340632
205 1.10391402107992
206 1.20893237937826
207 1.28819241109013
208 1.06476855224122
209 1.10393000879245
210 1.31217099060276
211 1.20856976991759
212 1.20925691144586
213 1.48119494576575
214 0.957060784441001
215 1.20881528958251
216 1.10323273487512
217 1.06160465138793
218 1.48480550301094
219 0.955179196821345
220 1.10279414896193
221 1.06296723541498
222 1.32400049306769
223 0.80451255987198
224 1.2804428270832
225 1.03752671685763
226 1.39774477188383
227 1.53226303100066
228 1.04017358708175
229 1.06016357447427
230 1.28986459287168
231 1.28975164115555
232 1.10893742272836
233 1.20923188573697
234 1.53706032098888
235 1.39699034660738
236 1.10806761316702
237 1.03981805786725
238 1.32050039835072
239 1.31920648991161
240 1.34167943788042
241 1.39864142587479
242 1.3992518392552
243 1.53236119786528
244 1.03899536601097
245 1.48484236397224
246 1.10899761801143
247 1.5319719851184
248 1.06485620978805
249 1.10971988285096
250 1.32605582335073
251 1.29150253520404
252 1.10291793378787
253 1.08624777156338
254 1.2915761578437
255 1.03815829078042
256 1.03814030462252
257 1.53420903618619
258 1.36016231009275
259 1.03837319470304
260 1.82697006925228
261 1.3990591148486
262 1.35858050057175
263 1.10860045099687
264 1.20844095922219
265 1.32554649553308
266 1.39923834155266
267 1.35860746116955
268 1.06242715412037
269 1.06294205810982
270 1.06251118232238
271 1.06399396293137
272 1.10315210844476
273 1.03870978865888
274 1.36063796425074
275 0.955796724776801
