"POS" "KL"
1 1.30846833579197
2 1.30679723939955
3 1.78479578281724
4 0.871250884977688
5 1.30551703136708
6 1.20284506162774
7 1.30816248831768
8 1.30769677499906
9 1.30775056518219
10 1.30737840873542
11 0.784777534527433
12 1.78325863010734
13 1.08577782214047
14 0.783927195067073
15 0.871718361024344
16 0.871739260367381
17 0.78417986672572
18 0.784531560202625
19 1.30718779921736
20 1.78288866656883
21 1.30270253879948
22 1.30860106899737
23 1.18380371745915
24 1.30703348503261
25 1.18284375029654
26 0.784186101851848
27 1.78288134223917
28 1.18152583196238
29 0.871311436397348
30 1.20387422138587
31 1.48315930168077
32 0.784058391524183
33 0.783253321121045
34 1.18153485653168
35 0.871423733226939
36 0.784476228486396
37 0.784730959676993
38 1.18384444482376
39 1.1813384789653
40 0.871796191775201
41 1.18101810627081
42 1.18260165431273
43 1.18280783877472
44 0.871642747333978
45 1.30752673325499
46 1.07434286249746
47 1.1814487549986
48 1.161302073424
49 1.48129847818955
50 1.18256491508378
51 1.30803948679752
52 0.871371296098596
53 1.20342802095758
54 1.0861838587662
55 1.08504465466002
56 1.30672074287354
57 1.77727402067071
58 1.3073973781995
59 1.08551684953988
60 0.784539456198449
61 0.930947018850024
