"POS" "KL"
1 1.33250096567524
2 0.921921365161886
3 1.1567938680616
4 0.592033563828013
5 1.3317336607373
6 0.592033563828013
7 0.921921365161886
8 1.33211714374844
9 0.854868023730669
10 1.63314713941243
11 0.582766856239986
12 1.33365447095337
13 0.854868023730669
14 0.592033563828013
15 1.33326962867573
16 0.854868023730669
17 0.592033563828013
18 0.592033563828013
19 0.854868023730669
20 0.592033563828013
21 1.63314713941243
22 0.592033563828013
23 0.921921365161886
24 1.33250096567524
25 0.592033563828013
26 0.921921365161886
27 0.921921365161886
28 0.854868023730669
29 1.63314713941243
30 0.854868023730669
31 1.3317336607373
32 0.592033563828013
33 1.1567938680616
34 0.592033563828013
35 1.63314713941243
36 1.33211714374844
37 1.33288512711728
38 1.63314713941243
39 1.1567938680616
40 1.4092966564214
41 1.33365447095337
42 1.33288512711728
43 1.32761940826219
