"POS" "KL"
1 2.08303114282843
2 1.3811717328338
3 1.18536250183796
4 1.07601172476517
5 1.00044740790317
6 1.18453160960047
7 1.07926265441797
8 1.37684040802246
9 1.0793790973397
10 1.07751025751451
11 1.33068243153072
12 1.38339072513847
13 1.00130222210895
14 1.38319449091396
15 1.38469613654501
16 1.18587775928313
17 1.47203185043055
18 1.30258538409073
19 1.30366831271593
20 1.23580713026614
21 1.12612132014295
22 1.07956102631863
23 1.30281496006493
24 1.05679870415423
25 1.21992491330105
26 1.38133221594376
27 1.30212802052012
28 1.47824461364333
29 1.30250283449036
30 1.23453766465267
31 1.21702916803512
32 0.995515422352804
33 1.0012255714036
34 1.24674710190181
35 1.24629485245224
36 1.22212578133811
37 1.23476569085483
38 1.22453690342037
39 1.07862200662579
40 1.47788070986777
41 1.18500651465167
42 1.23525928536035
43 1.12812972924668
44 1.3812535337284
45 2.07291511035544
46 1.23441722360672
47 1.07977822760123
48 1.4790547279359
49 1.00133247348908
50 1.38184964453007
51 1.36420350920685
52 1.47302956399808
53 1.38143530225755
54 1.1236543443484
55 1.38199459541562
56 1.23576626931348
57 1.07906660476647
58 1.08007449981147
59 1.30282598849913
60 1.04470029579274
61 1.23541236608831
62 0.98996626688591
63 1.24567475278322
64 1.30120914411574
65 1.3470216825429
66 1.3797858255643
67 1.11234771770737
68 1.37719628218927
69 1.12533636154213
70 1.23489672729219
71 1.07925415201249
72 1.29845459803947
73 1.23461941797117
74 1.07936836301196
75 1.24667081332469
76 1.07971121335264
77 1.38081403991511
78 1.77748206248594
79 1.2351348906481
80 1.38307080669405
81 1.00055983316318
82 1.1274534681404
83 1.23394055703099
84 1.0721053525663
85 1.23396834138615
86 1.18672161937449
87 1.37973878661395
88 1.08023509948214
89 1.77853916529127
90 1.23591795373375
91 1.30241798670509
92 1.27918791886168
93 1.23200532122984
94 1.38147835134796
95 1.07770336886749
96 1.38248772943727
97 1.12734017539526
98 1.07934162820203
99 1.00049094284662
100 0.987750429340996
101 1.47655961886713
102 1.23332715462854
103 1.12498967314934
104 1.18686589223395
105 1.23523265248528
106 1.29757602489793
107 1.24734884624719
108 1.18696553795211
109 1.07950975665235
110 1.3032777989982
111 1.23475676492732
112 1.47851786648492
113 1.24777001411885
114 0.99994495557431
115 1.46887896405824
116 1.00154367635105
117 1.00125877865599
118 1.0755939399162
119 1.00308251614202
120 1.17035106529997
121 1.06671514639506
