"POS" "KL"
1 1.95467782454133
2 1.21555078177133
3 1.10175763841614
4 1.2163112212923
5 1.02925632996991
6 1.11710896592563
7 1.07432798341983
8 1.07328529378157
9 1.34392975117423
10 1.07433032908569
11 1.11915893357045
12 1.10790238266323
13 1.08482251594205
14 1.31432535591764
15 1.49947887584889
16 1.11787539600766
17 1.14730640781113
18 1.0480762872089
19 0.776788840895408
20 1.08835355003499
21 1.44052014730576
22 1.10416607444786
23 1.28619689259276
24 1.04381085623675
25 1.3108851790606
26 1.04048333815672
27 0.900641873076841
28 1.36830642926712
29 1.12146046246689
30 1.16709531844495
31 1.11191313700631
32 1.21549229886081
33 1.12552167863635
34 1.4714288787628
35 1.18905116962104
36 1.11891689402874
37 1.36943154950879
38 1.36938624242596
39 1.34704653711654
40 1.31832851120473
41 1.29875498497276
42 1.11976363124008
43 1.21642051882097
44 1.47207542338972
45 1.11196843486092
46 1.11195426267116
47 1.11948586813704
48 1.0743937477565
49 1.84679741060867
50 1.08787168923044
51 1.12533619404792
52 1.2931455148405
53 1.31799938364726
54 1.07066288994194
55 1.21639688715461
56 1.07438891189913
57 1.34704298610809
58 1.216328685133
59 1.21525715480599
60 1.11191502357229
61 1.1676748072933
62 1.11837759931415
63 1.12656632172983
64 2.0231411262643
65 1.21630743188913
66 1.85079210477938
67 0.982756121618126
68 1.21315632153703
69 1.84719048708627
70 1.09233839871959
71 1.11041451311966
72 1.18709915512855
73 1.12617545859292
74 1.16700765612392
75 1.18391215936781
76 1.1006130262362
77 1.28826288933203
78 1.46988807443362
79 1.21571216712137
80 1.29585820194777
81 1.1675500862563
82 1.34536730429628
83 1.01899460788907
84 1.07256951799396
85 1.34658399575027
86 1.21636515028885
87 1.16723618322419
88 1.31706172639224
89 1.19007333621439
90 1.11875886689297
91 1.36941432609722
92 1.21634166333662
93 1.20345865401115
94 1.110377037694
95 0.901497942439172
96 1.42397951178051
97 1.29251678635518
98 1.10401105452357
99 1.16753615455805
100 1.2164689635285
101 1.21659199376612
102 1.47020939431175
103 1.19007022169892
104 2.0269345694061
105 1.21623225027925
106 1.21642235976127
107 1.19007928797277
108 1.12656715509547
109 1.12618721321405
110 1.07428386649603
111 1.31746813369087
112 1.07235003088022
113 1.29867276323583
114 1.12666719148406
115 1.31801193939189
116 1.11223257683471
117 1.07434257299703
118 1.07328370908229
119 1.21682204701564
120 1.11893949447379
121 1.16758884728398
122 1.16768237917435
123 1.20327244604534
124 1.12634750753014
125 1.16761327130912
126 1.11959423992872
127 1.09483946492641
128 1.21618578348999
129 1.29886915512883
130 1.11958428893363
131 1.49986335634579
132 1.42493599577946
133 1.21640697627962
134 1.3176501899744
135 1.21632191941307
136 1.49944579247958
137 1.16724942137673
138 1.29146351120891
139 1.34671186311685
140 1.21589306268184
141 1.07277234430057
142 1.03993183982691
143 1.11816454105403
144 1.35997449212462
145 1.35877650237221
146 1.70671501777143
147 1.28320462252559
148 1.16410922999556
149 1.16748958061713
150 1.29563768192255
151 1.11058188679534
152 1.96983408273651
153 1.94058154204505
154 1.42404729250017
155 1.11020236009886
156 1.07249206861514
157 1.13124955502308
158 1.42521005541413
159 1.11921181885132
160 1.3693851676353
161 1.11185877558814
162 1.11150370314849
163 1.20304441764754
164 1.15735612618173
165 1.16772997147883
166 1.49987119087593
167 1.12657388088905
168 1.21625614315702
169 1.42553881692419
170 1.36921914219087
171 1.11936969171258
172 1.11188474727671
173 1.31332553729978
174 1.34403853634099
175 1.21610257174889
176 1.0693249007262
177 1.94418769179164
178 1.31163712190967
179 1.07334934737851
180 1.40222802254738
181 1.17907533118668
182 1.29222331957167
183 1.22017499757914
184 1.18701398338414
185 1.16185827973584
186 1.21204349407277
187 1.29824778415321
188 1.16736090381757
189 1.07358964010003
190 1.44977899619704
191 1.42558469626293
192 1.21626122831004
193 1.11868292821404
194 1.21640361258594
195 1.29890453752989
196 1.16767286810786
197 1.21599789946741
198 1.3173141137756
199 1.18994700698721
200 1.36725808004162
201 1.21636413710242
202 1.29875346531313
203 1.2166726943108
204 1.36925044184482
205 1.11212820562792
206 1.29886829771938
207 1.85120496857472
208 1.12554579002901
209 1.34499031693549
210 1.16166420054637
211 0.974215964608586
212 0.883423198525262
213 0.693364273253221
214 1.28347621877144
215 1.30427951473591
216 1.0496369924949
217 1.34547320305157
218 1.31624979253747
219 1.18867195650977
220 1.21599822915041
221 1.10646664393078
222 1.14228718641687
223 1.07441068098962
224 1.42490317160816
225 1.34711114056218
226 1.07419547338523
227 1.11866844855785
228 1.31742578871187
229 1.07383629561933
230 1.346970266137
231 1.21629892188548
232 1.18972057787671
233 1.21628575565775
234 1.16765104472364
235 1.21683744480872
236 1.12652788514933
237 1.47093435097829
238 1.21642509127476
239 1.31779933886217
240 1.12437672033145
241 1.07432822427351
242 1.07356853934778
243 1.20205233113596
244 1.07375774084605
245 1.81412484464324
246 1.47069098861417
247 1.11086277371602
248 1.36333363731142
249 1.0729043908832
250 1.12292779355619
251 1.33858057076349
252 1.08984238212958
253 1.28397308258415
254 1.10759885858291
255 1.10586103355287
256 1.10882890873786
257 1.17319946505414
258 2.01601624684875
259 1.12342088901795
260 1.20256048252285
261 1.18706490517713
262 1.19926350315113
263 1.20212540899619
264 1.17864729797287
265 1.3692873591452
266 1.36912214689674
267 1.11952216872515
268 1.18987333696573
269 1.36923389026467
270 1.07438813355769
271 1.31770295067235
272 1.34563706165864
273 1.47140532293192
274 1.12598964689282
275 1.21638241267637
276 1.07440558158774
277 1.07439991399643
278 1.2986541903613
279 1.36933279538697
280 1.16763879788026
281 1.42460694154977
282 1.16742250350722
283 1.19007853610664
284 1.12536830164982
285 1.21694919171336
286 1.12607458509529
287 1.31771720189817
288 1.20334834304331
289 1.09731030170335
290 1.31832361683833
291 1.49984816041912
292 1.20308615960935
293 1.07408569599715
294 1.31825581943191
295 1.3471179195803
296 1.07432491347139
297 1.11218341687601
298 1.42560083916392
299 1.12409045414325
300 1.29889295663846
301 1.49986566560074
302 1.12666994211401
303 1.0741145258266
304 1.29598364253567
305 1.11219251822335
306 1.21602854145329
307 1.12419585127393
308 1.11759179592618
309 1.42391730210013
310 1.29883857987577
311 1.19009038608585
312 1.21660227927956
313 1.36904841911234
314 1.31691883351411
315 1.12628706157066
316 1.11215871924838
317 1.16727228806191
318 1.21641191243911
319 1.47209053799436
320 1.11775257930076
321 1.31753803690457
322 1.34688715567538
323 1.12362815082284
324 1.42494573238305
325 1.11209840673146
326 1.21693127362447
327 1.11843708063108
328 1.47210111698724
329 1.21636975561438
330 1.34589230903391
331 1.16768281751888
332 1.19159135049899
333 1.12651681740229
334 1.16760686306018
335 1.07313448834989
336 1.49986599171602
337 1.34661450824428
338 1.21546431080071
339 0.899334685050381
340 1.42451387876847
341 1.11969727330201
342 1.2164128966572
343 1.16776273358331
344 1.20247430467713
345 1.12655578912954
346 1.12227653608441
347 1.2164181786923
348 1.20098885739417
349 1.11205507377289
350 1.11985687753138
351 1.36935519741079
352 1.20266821276499
353 2.02690976116957
354 1.16535723732096
355 1.47209191587135
356 1.26722943769569
357 1.47147490518503
358 1.21688253640762
359 1.11147273260328
360 1.16764461924746
361 1.49984361889899
362 1.1196353428415
363 1.20377227407963
364 1.31831841581398
365 1.36942467822127
366 1.11220667399851
367 1.11633295909867
368 0.980924855409745
369 1.36940339952139
370 1.16700338180552
371 0.710894130517177
372 1.20346506791702
373 0.922592518990378
374 1.21629452853215
375 0.860716869904558
376 0.877432531185931
377 1.21635337596122
378 1.29876174616641
379 1.49986959957819
380 1.36936853291971
381 1.19001771147361
382 1.11906672867017
383 1.11223183146464
384 1.34518746351062
385 1.12481687255147
386 1.2989580143543
387 1.07441284864514
388 1.16776695357087
389 1.3181303208283
390 1.07436936170636
391 1.49987316988273
392 1.21641604902422
393 1.12658675808639
394 1.16737360091645
395 1.11973024912471
396 1.36937770142379
397 1.20364557792478
398 1.31834746803818
399 1.11222433579558
400 1.21644162692312
401 1.11960969816991
402 1.2168720468656
403 1.44503903267912
404 1.19002915689295
405 0.998254660086319
406 1.42530366599367
407 1.1197857817846
408 1.08626057987606
409 1.3180317518311
410 1.21638982617118
411 1.20252960436335
412 1.34710434949116
413 1.18984911453724
414 1.31601716805754
415 1.12627164280471
416 1.19007938908138
417 0.919911379060041
418 1.21688889106131
419 1.20255308638794
420 1.31799171489842
421 1.36933080436429
422 1.16778409340628
423 1.36944781352997
424 1.29893571305411
425 1.07440742286113
426 1.34685334444091
427 1.31524080488265
428 1.31769289682453
429 1.21642345896427
430 1.12578388630258
431 1.19008823146428
432 1.49987301416447
433 1.1196043652487
434 1.21647789572035
435 1.20317942239794
436 2.02688736296218
437 1.16775775570636
438 1.11220711781806
439 1.16724667650044
440 0.927843257538455
441 1.07394657704892
442 1.31830681610583
443 1.11215865886263
444 1.22111726440491
445 1.00690773931137
446 0.940917599229394
447 1.19002601387788
448 1.1675845538436
449 1.36870283840222
450 1.13996315269436
451 1.36888705225774
452 0.920114651037998
453 1.36889675378726
454 1.4720967129282
455 1.03715792776146
456 1.16700005730025
457 1.47204588433317
458 1.29855450982578
459 1.11122539979892
460 1.02863757250174
461 1.07421529499879
462 1.2988237498143
463 1.34562263330866
464 1.21619387965425
465 1.42538003295515
466 1.47204194446181
467 1.31834524752715
468 1.21684981023324
469 1.11222141106092
470 1.12499988379309
471 1.42484879505374
472 1.21683664007581
473 1.36932198037021
474 1.31777622684558
475 1.19938781115609
476 1.18903105778488
477 0.835632267976062
478 1.04513631048593
479 1.34334656229249
480 1.49986972674178
481 1.14341947513965
482 1.18923516265283
483 1.11801009412084
484 0.961817158739963
485 1.18937921805596
486 0.907330719058808
487 1.16767601980831
488 1.49985754027666
489 1.36930617146352
490 1.10140289962335
491 1.34699086513191
492 1.07440429243796
493 1.10956069287915
494 1.10321186269497
495 1.36942746149517
496 0.98716468001023
497 1.21644146463192
498 1.09201059025286
499 1.34660315068013
500 1.12648992850339
501 0.977795031108394
502 1.19006096920649
503 1.1191595914199
504 1.18993163862891
505 1.30272352170772
506 1.31804162666382
507 1.34700414979671
508 1.36906393914878
509 1.47208845047085
510 1.11969145485079
511 1.1189799655226
512 1.11982673047444
513 1.07402727788371
514 1.11117750391702
515 1.21640612841537
516 1.42504563304876
517 1.073688294273
518 1.07414582045943
519 1.85119945696847
520 1.19987997069993
521 1.33288995869091
522 1.19656734254994
523 1.12553885024651
524 1.11987610056572
525 1.49986963787317
526 1.19009409923417
527 1.34710837438393
528 1.29887443972677
529 1.29804298113514
530 1.11223434743793
531 1.12668215192069
532 1.16745640785236
533 1.07437564587609
534 1.11954843385029
535 1.29889702515468
536 1.16765888308124
537 1.29890532342211
538 1.49986849075827
539 1.11980823567348
540 1.16742126516364
541 1.21643852001353
542 1.16777176909744
543 1.21639206562107
544 1.16775454859457
545 1.1900715786426
546 1.07430406618409
547 0.948219532861944
548 1.19008388623967
549 1.12616803397141
550 1.19008410684107
551 1.11929921975486
552 1.07351700883811
553 1.1259248729038
554 1.39637022018158
555 1.11223603105004
556 1.16648051033334
557 1.29893557923914
558 1.29706369727963
559 1.21644718188329
560 1.07433349468968
561 1.34620914001201
562 1.21643648194832
563 1.31805956759742
564 1.3179422756134
565 1.21591727606875
566 1.18986815572596
567 1.47166252330328
568 1.31797858521195
569 1.21621737044145
570 1.09298590476833
571 1.31823569798119
572 1.11715352027394
573 1.12167577710156
574 1.31520457628657
575 1.20294654995025
576 1.11961885215371
577 1.47200007450671
578 1.31834082041695
579 1.34704762546249
580 1.31755511222648
581 1.12662710128611
582 1.07420251523922
583 1.42102533849814
584 1.21627366088379
585 1.07383387945451
586 1.31827268951638
587 1.21696705353481
588 1.12597599834178
589 1.3470295801177
590 1.49987176968939
591 1.11205595181894
592 1.21627240122478
593 1.19005651823415
594 1.18991541449092
595 1.11966936266745
596 1.11207314878755
597 1.11981804555483
598 1.2167960275374
599 1.12665591471627
600 1.34708706002576
601 1.1900960077802
602 1.12667052429715
603 1.16745375562068
604 1.1245414767451
605 1.11222505624253
606 1.16745938708815
607 1.31698581489967
608 1.11913443047435
609 1.20381303675658
610 1.11982759749223
611 1.07434169702733
612 1.36938508756948
613 1.30926831520365
614 1.18025336993154
615 1.11884496033409
616 1.16702329269538
617 1.49986654534617
618 1.1254160333861
619 1.42113860448031
620 1.11980006977327
621 1.31921199051273
622 1.1162385152927
623 1.20138790401798
624 1.21661421269206
625 1.85098327578891
626 1.20208817967339
627 1.31735048559613
628 1.31591409943935
629 1.07433617854421
630 1.12655418585278
631 1.3460184214911
632 1.12560929617631
633 2.02694509793551
634 1.47198262813858
635 1.11969803098798
636 1.36942770432405
637 1.11216918472227
638 1.12596872937944
639 1.18980024457406
640 1.10778863040609
641 1.1668962897819
642 1.11882452295652
643 1.21471900367396
644 1.31802539809168
645 1.1266202169945
646 1.47139705309065
647 1.20218881522677
648 1.19008928598406
649 1.499871539956
650 1.07440357528076
651 1.21655592314893
652 1.19007776865912
653 1.20100560073672
654 1.42278982090293
655 1.30866863407022
656 1.11978574100756
657 1.16750985454168
658 1.14506308179695
659 1.11200249935482
660 1.36894226781304
661 1.42053153930036
662 1.49987354452688
663 1.31834208993589
664 1.21700213404221
665 1.34709730761479
666 1.21310614388701
667 1.19006074378605
668 1.20356859107183
669 1.19007699497576
670 1.21557085844239
671 1.49987721299025
672 1.20273770282036
673 1.11139347447756
674 1.36890772734928
675 1.30784157413784
676 1.1239550736589
677 1.30125880902415
678 1.12394565664577
679 0.930600831468256
680 1.10990391120757
681 1.2600860744575
682 1.47164401695077
683 1.47040652348316
684 1.20066562486427
685 1.47204543506395
686 1.11217980851125
687 1.11859588907667
688 1.19313728516401
689 1.11086578907423
690 1.31757398082368
691 1.11045760668222
692 1.21681743540477
693 1.21688755081647
694 1.20181617808182
695 1.36943210239593
696 1.1265527331865
697 1.95442799907766
698 1.11099911330362
699 1.07426600409487
700 1.19006002550264
701 1.16756945495287
702 1.42507541133946
703 1.16693436614506
704 1.03096766169422
705 1.11913189181021
706 1.20220011560054
707 1.36942893058534
708 1.1119915826626
709 1.16735462024154
710 1.16756047992701
711 1.11214054151973
712 1.21671101517436
713 1.20369176433321
714 1.2167694853328
715 1.34701671747924
716 1.03963057808188
717 1.16760002282136
718 1.21642470650728
719 1.1247836957531
720 1.21690964707771
721 1.11211248321737
722 1.11970382234747
723 1.12631708448666
724 1.12613507262121
725 1.42548559218681
726 1.2166439395689
727 1.07435629777337
728 1.34698616115124
729 1.119851867191
730 1.11107663345063
731 1.95371072164624
732 1.11136147551993
733 1.29893851727919
734 1.12657426853035
735 1.10923507542593
736 1.11940001206866
737 1.31828074393114
738 1.49986695575752
739 1.12494026655285
740 1.95257492349349
741 1.36944032677604
742 1.21680845332816
743 1.49986616023531
744 1.18978289781325
745 1.31786795301079
746 1.11222278118355
747 1.12409054633307
748 1.42532748954277
749 1.49987707893061
750 1.11191234148726
751 1.16715418624024
752 1.07379151190525
753 1.07440449801252
754 1.07377321321368
755 1.31801745688958
756 1.3694402323922
757 1.19006568048882
758 1.11208888250456
759 1.21642444188285
760 1.49986637602284
761 1.12623079612327
762 1.31798598338362
763 1.07435844159602
764 0.930433600438466
765 1.47005431710657
766 1.20370067496301
767 1.07441270550807
768 1.12615995849288
769 1.1854211190433
770 1.21684683047379
771 1.20232216856544
772 1.11904829971814
773 1.42560928132842
774 1.31805777162154
775 1.31833202559132
776 1.29890428436634
777 1.16764738119601
778 1.12594332317757
779 1.31685044288302
780 1.4222025700417
781 1.11986482537145
782 1.21642362579327
783 1.20305580498627
784 1.317837885155
785 1.11948944368259
786 1.29862976297245
787 1.31737066158653
788 1.21683085881657
789 1.36938404843028
790 1.29856718824858
791 1.12399575431318
792 1.34678519251414
793 1.34612531840476
794 1.2165036703371
795 1.29843027413431
796 1.04038599144682
797 1.21601112438597
798 1.18866927335822
799 1.18993344009635
800 1.21644166455486
801 1.16761224990019
802 1.21642848444113
803 1.11213179760363
804 1.3176879014048
805 1.21651376690079
806 1.07436401618893
807 1.34651101027022
808 1.31763952126361
809 1.33459851335592
810 1.11151975446153
811 1.29870014886101
812 1.34125006754609
813 1.1104987906443
814 1.29862941282465
815 1.47199688966733
816 1.11224062182742
817 1.21623863605364
818 1.21631745791293
819 1.42562321444465
820 1.31801210428252
821 1.07411386754503
822 1.073454333676
823 1.21641771233173
824 1.16750978884928
825 1.29884852950009
826 1.11953983316455
827 1.12640943718106
828 1.07431563778338
829 1.20258045040938
830 1.31804048989679
831 1.2014878181067
832 1.18994112060791
833 1.21637385155987
834 1.21316026191656
835 1.29873661305651
836 1.31672003447224
837 1.36916799583795
838 1.18926532336937
839 1.31767952011808
840 1.49987156821468
841 1.07391897476122
842 1.18907898117566
843 1.31763299890176
844 1.21657958832653
845 1.19894354110048
846 1.20071963590205
847 1.47172990810471
848 1.31833268825712
849 1.07420007404778
850 1.21571433159932
851 1.49987061692394
852 1.20245436145576
853 1.31790467923933
854 1.2968776482123
855 1.21603071069187
856 0.98908318457605
857 1.19005693831155
858 1.07249038208863
859 1.11372236022035
860 1.11924858795076
861 1.0744002798666
862 1.34699649119742
863 1.3470385916201
864 1.0743903440885
865 1.07429826624646
866 1.12665159723456
867 1.31798019019043
868 1.42549196574157
869 1.95455317796725
870 1.21616367951258
871 1.20247975815771
872 1.31796609090958
873 1.36941955881125
874 1.126463294786
875 1.11215779042919
876 1.20370307984459
877 1.07438094311
878 1.07440367441608
879 1.19456143498663
880 1.19009061414113
881 1.12663775072413
882 1.216864290004
883 1.12349173373507
884 1.11157327129613
885 1.19000908906578
886 2.0264054990233
887 1.12665761549033
888 1.21459416003668
889 1.19005835650675
890 1.2034705304144
891 1.18942812544386
892 1.20211209699429
893 1.20336593373352
894 1.07440211972799
895 1.31804479054633
896 1.21678777998914
897 1.34713570098899
898 1.21644190147431
899 1.20232502951752
900 1.95451195529312
901 1.31806121108632
902 1.95453980800029
903 1.20368967070214
904 1.36937288484971
905 1.4720978600497
906 1.21644178101204
907 1.16771294812662
908 1.19006199862734
909 1.21652131760322
910 1.19008871432724
911 1.11974145045469
912 1.12659201668608
913 1.31787753793982
914 1.16772620961171
915 1.11963182310064
916 1.07441019088598
917 1.36941910038376
918 1.42546789733522
919 1.16777518131057
920 1.3180614121588
921 1.29889401639476
922 1.07328815625924
923 1.21695807021669
924 1.20312968652559
925 1.1672964807413
926 1.31798564000644
927 1.21643647075758
928 1.16777352915797
929 1.11045395237283
930 1.20361038924391
931 1.21667344256579
932 1.18886135138426
933 1.29877679330799
934 1.21651162798993
935 1.31796541375356
936 1.31237779695868
937 1.11165970593444
938 1.0714213187852
939 1.08534892339749
940 1.11010292402924
941 1.12553436231034
942 1.20214632796887
943 1.11104859741805
944 1.20373535188095
945 1.07434729644861
946 1.18838753992947
947 1.29847354529428
948 1.07431616172425
949 1.31798365065384
950 0.982384143462294
951 1.11987677138835
952 1.11960821167281
953 1.16776829041365
954 1.28007123233686
955 1.16777206450134
956 1.20380635254916
957 1.3100034914285
958 1.20359073054318
959 1.07440022410123
960 1.16754204298103
961 1.12576430992821
962 1.07441471669094
963 1.11978394633177
964 1.29844020909427
965 1.31805281510545
966 1.07441638168978
967 1.1120349073122
968 1.11210728530466
969 0.931704818528404
970 1.2164453760799
971 1.19007720997578
972 1.20383443032962
973 1.21701009710636
974 1.11224300132523
975 1.11219433702768
976 1.11975323416122
977 1.07441638417998
978 1.16525316869277
979 1.31821081488192
980 1.21701716315173
981 0.898149650633984
982 1.0275260221781
983 1.47208496406428
984 1.07441469973131
985 1.31831452851872
986 1.29872988228981
987 1.11964094574355
988 1.42560481911448
989 1.20382238288148
990 1.42536081764867
991 1.11985480783518
992 1.31804347610155
993 1.21695489191689
994 1.31834076050586
995 1.47209821166408
996 1.07441654388846
997 1.21690783575801
998 1.12647043328082
999 1.19006875531851
1000 1.47210305848674
1001 1.07439346705838
1002 1.3180186592935
1003 1.11210758709834
1004 1.07440848298571
1005 1.31786631572756
1006 1.12591142680644
1007 1.3694165496265
1008 1.11985768347172
1009 1.1255040840473
1010 1.31799610487642
1011 1.31797663346193
1012 1.07438215386432
1013 1.21699356558737
1014 1.47145888110098
1015 1.20374548309211
1016 1.20314200082815
1017 1.42557560401103
1018 1.21666055865558
1019 1.4720806848017
1020 1.19247621140775
1021 1.11202410615883
1022 1.20372831780471
1023 1.16742625499962
1024 1.07423055197948
1025 1.20337396214722
1026 1.20333934858085
1027 1.10660175416681
1028 1.29894934881893
1029 1.95461583813617
1030 1.11216258425851
1031 1.42561239649859
1032 1.49986997665741
1033 1.11958087872138
1034 1.0743455899562
1035 1.19003553798946
1036 1.31805432173222
1037 1.11223162231213
1038 1.29883441524125
1039 1.47208926816163
1040 1.11920906960815
1041 1.31825453561586
1042 1.21629959521142
1043 1.49986951036198
1044 1.19008892380249
1045 1.29792017432602
1046 1.190060129545
1047 1.36900567333814
1048 1.85171623341504
1049 1.07400464603518
1050 1.95399875068508
1051 1.11223793735964
1052 1.21586084982521
1053 1.34712669075684
1054 1.31804171838234
1055 1.11213154257182
1056 1.20376592678638
1057 1.34711681782721
1058 1.85054596953095
1059 1.19009424972352
1060 1.11968427800777
1061 1.11980192249768
1062 1.21626770256264
1063 1.07325883900249
1064 1.8517313150523
1065 1.11940674655507
1066 1.12649600017356
1067 1.36935064823679
1068 1.11914995370955
1069 1.34672969575504
1070 1.19978911861386
1071 1.31663083333344
1072 1.42533407733744
1073 1.29307970575289
1074 1.1576489891966
1075 1.21613099668311
1076 1.12590541703011
1077 1.12651657246383
1078 1.19763418272663
1079 1.34571668528346
1080 1.20371982344786
1081 1.21588316984922
1082 1.4998697723331
1083 1.85059779674409
1084 1.3151111139018
1085 1.18794611519964
1086 1.29847330994608
1087 1.20187983697715
1088 1.85145494376032
1089 1.21636991110147
1090 1.34705992553281
1091 1.47030807977841
1092 1.42494988405214
1093 1.19006174410429
1094 1.11953651124142
1095 1.216270744447
1096 1.11933523807972
1097 1.11213693136528
1098 1.16772167734772
1099 1.18912911922432
1100 1.12632963665246
1101 1.84410315459177
1102 2.02664111534452
1103 1.21609090720589
1104 1.10121069582845
1105 1.12668860371859
1106 1.31802019233489
1107 1.47152095640118
1108 1.16764403253172
1109 1.21617983686624
1110 1.3693038817711
1111 1.42239719648288
1112 1.34648101468003
1113 1.31675895970534
1114 1.21571442438662
1115 1.21663124111609
1116 1.1255006611256
1117 1.12149721284738
1118 1.25414156557739
1119 1.16769134288481
1120 1.12572311687881
1121 1.2163224799934
1122 1.11619022619224
1123 1.11220356885003
1124 1.18547850287878
1125 1.16737117353797
1126 1.49987145925434
1127 1.31732490571673
1128 1.11943921772342
1129 1.11933090982747
1130 1.21632120541878
1131 1.18992437030341
1132 1.21601641717799
1133 1.11845013804599
1134 1.16758379430519
1135 1.1676143850297
1136 1.12617524996074
1137 1.1196545306326
1138 1.36940960070225
1139 1.31635605885249
1140 1.34708328624388
1141 1.07278490443562
1142 1.31789076364725
1143 1.31891517556415
1144 1.42423971291214
1145 1.07439431055589
1146 1.31688488366604
1147 1.11029027511595
1148 1.21642728298651
1149 1.2984268746559
1150 1.42265086107519
1151 1.42523728823318
1152 1.07440918623804
1153 1.31520122351977
1154 1.29858990767526
1155 1.36909255191908
1156 1.21632701623761
1157 1.29855868557789
1158 1.16763785860005
1159 1.85091136491147
1160 1.12647197981974
1161 1.11213278418981
1162 1.33664281159882
1163 1.31526991033577
1164 1.11825504672534
1165 1.3175371144156
1166 1.07435068025682
1167 1.18692388876827
1168 1.31696333221324
1169 1.21646378622431
1170 1.1114862896301
1171 1.18925757294351
1172 1.2168564764439
1173 1.16751249379905
1174 1.20297771514354
1175 1.11217674308073
1176 1.0992722994032
1177 1.11699874115921
1178 1.16737286465635
1179 1.21687228952507
1180 1.31765864476516
1181 1.29769617854323
1182 1.42491884246805
1183 1.21668880754269
1184 1.31705468794425
1185 1.47139337486987
1186 1.07427254976633
1187 1.16690705696582
1188 1.42471164854236
1189 1.11952333910185
1190 1.20367777012907
1191 1.27391071385791
1192 1.167326791524
1193 1.07441462257167
1194 1.16769524716488
1195 1.42456008715685
1196 1.11216130949084
1197 1.07419876914556
1198 1.21673539491843
1199 1.31561903295799
1200 1.07374472761464
1201 1.31568451400536
1202 1.42254854911502
1203 1.07358822193044
1204 1.19001673816609
1205 1.29813281710271
1206 1.36932101011565
1207 1.42421237221391
1208 1.31622747066723
1209 1.36927965377815
1210 1.21649748837027
1211 1.29892006515428
1212 2.02692159604043
1213 1.34710082388423
1214 2.0268727848559
1215 1.36936537875594
1216 1.21613122304191
1217 2.02685281093699
1218 1.07439114062676
1219 1.1834573345683
1220 1.21637672908612
1221 1.21563973275913
1222 1.20346020486572
1223 1.18977201792244
1224 1.07385363426186
1225 1.21562128826089
1226 1.20368908208956
1227 1.21645561069762
1228 1.11464926188346
1229 1.94900315707855
1230 1.11884544546616
1231 1.12537609218232
1232 1.21649657889083
1233 1.95338380980743
1234 1.07405438135033
1235 1.49765563524978
1236 1.49855416890906
1237 1.94953607201061
1238 1.12599989286523
1239 1.11176888198942
1240 1.49953968586033
1241 1.49959700487876
1242 1.11144841928808
1243 1.49717267497477
1244 1.07369782083719
1245 1.2983040566132
1246 1.18949439921351
1247 1.49734267299435
1248 1.49861017480132
1249 1.11192964211894
1250 1.49820496916402
1251 1.18817629214959
1252 1.10893567249659
1253 1.49908118923499
1254 1.49925671438051
1255 1.29871785122042
1256 1.21644905495819
1257 1.3181525538997
1258 1.42490934256443
1259 1.31687232801447
1260 1.31435660589546
1261 1.1113960195652
1262 1.42489211532887
1263 1.34046935292778
1264 1.0915718575314
1265 1.07087128436448
1266 1.29758029377879
1267 1.18895402303138
1268 1.11952548912867
1269 1.29895621502202
1270 1.07437797211953
1271 1.85165415571548
1272 1.36933894145245
1273 1.12610298805107
