"POS" "KL"
1 1.70719942808779
2 0.960397430478961
3 1.05547331733964
4 0.812185935488647
5 0.895439457757077
6 0.761345804997092
7 0.571499432625639
8 0.851630968233673
9 0.935266563123836
10 1.06096051367504
11 0.952818158580073
12 0.759761146479657
13 0.822103379390538
14 1.31342016885117
15 0.576643899261469
16 1.24515393667995
17 1.05065292826713
18 0.649948420027056
19 0.928133503761916
20 0.58449081422281
21 0.823673182452469
22 0.970995853088784
23 0.950957736662426
24 0.649902823358061
25 1.26715141442216
26 0.819549178353762
27 1.29682438100718
28 0.798242085089721
29 0.74576927251426
30 0.3388898100316
31 0.634280821761
32 0.597433487275722
33 0.785399194985891
34 1.47110749952484
35 1.20053976843734
36 1.14286392256442
37 1.16302503490032
38 1.56535882141007
39 1.5790279867185
40 1.16118172377359
41 1.2040196824381
42 1.45812084937585
43 1.19136176451006
44 1.4681365994084
45 0.986191316869914
46 1.04862024101655
47 1.22564529000973
48 0.548845816543055
49 1.05042047994186
50 1.08563163223706
51 1.00783776217148
52 1.51961300826871
53 1.56822444186748
54 1.24805147627911
55 1.2320581121071
56 1.36263106046913
57 1.23570522634427
58 1.20820121078489
59 1.05235477353778
60 1.39081881713922
61 0.703993954077015
62 0.673512091220622
63 1.25441025811697
64 0.810347551081213
65 1.8123894834712
66 1.14185247744717
67 1.03790520701753
68 1.47485369048063
69 1.24373280050381
70 1.1422038336346
71 1.75800799441342
72 1.24273128449004
73 1.5677138341533
74 1.20325730100256
75 1.45754329556213
76 1.12391653785838
77 1.40581849412282
78 1.45732478798728
79 0.881331709633448
80 1.45855593491568
81 1.22047011819529
82 1.25297852429611
83 0.639794865990796
84 0.377063691485102
85 0.929724928137536
86 0.612522542130142
87 1.12928854373168
88 1.17242216964331
89 1.12476321850334
90 1.24919448644372
91 0.792666642053884
92 1.50384034223392
93 1.0794098797792
94 1.56374271303437
95 1.45606101004424
96 1.11180862075662
97 1.13103198793482
98 0.791330540565178
99 1.70140258718143
100 1.13798923905384
101 0.989639514705012
102 1.31701556059178
103 1.69748941468527
104 1.50897775389239
105 1.06160456272346
106 1.43203204533684
107 0.905841233301187
108 1.04869616923044
109 1.15371130877005
110 0.974242973493715
111 1.47461345653556
112 1.37226540684385
113 1.15065484029914
114 1.18483559865752
115 1.00100032539537
116 1.22688670341172
117 1.45675190761775
118 1.56795686462345
119 1.17482970127318
120 1.15081858631448
121 0.964229217202458
122 1.14385986125381
123 1.44514996214723
124 0.973791038004342
125 1.56748397310529
126 1.18769266224993
127 1.024268757942
128 0.99503031665274
129 0.714800584844616
130 1.56657372761284
131 0.683339442264106
132 0.758101397876674
133 0.281200177868103
134 0.417750753930411
135 0.417152212063555
136 0.713298349092565
137 0.202055580245643
138 0.548824949292109
139 0.278748847841619
140 0.31041972753411
141 0.278917279557969
142 0.237899968330741
143 0.559686654638731
144 0.948949312662016
145 0.844265628409533
146 0.992715806762851
147 1.0712026481529
148 1.56689290169412
149 1.09769704582444
150 1.48871461839317
151 0.974888897684148
152 0.571952133853651
153 0.993456385201258
154 0.980341027633057
155 0.446477295882802
156 0.573749312738714
157 0.749913331426364
158 1.12618712039769
159 1.0449631821991
160 0.442231677649336
161 0.697698682039165
162 0.771444501136252
163 0.585153255432834
164 1.10589586981496
165 1.12011293786235
166 0.810745155282368
167 1.43128193202903
168 1.40423056702228
169 0.680687527995734
170 0.721922714489817
171 1.4307245432748
172 0.72174387441205
173 0.872557530982594
174 0.933446364669644
175 0.694656744556408
176 0.604967314725524
177 0.487580712949436
178 0.525518165787975
179 0.287454325322114
180 0.395065764164494
181 0.658389816679753
182 0.261293515352596
183 0.463004992768883
184 0.545702668133909
185 0.540884385126494
186 0.515064599654968
187 0.576543226264548
188 0.357069857509691
189 0.477651852945748
190 1.53998954518064
191 0.872317015477677
192 0.939547612622078
193 0.833468387288571
194 0.799111105284356
195 1.56762677171569
196 1.09367898541963
197 1.02364179673714
198 1.20761402987886
199 0.685976398420426
200 0.832824452398566
201 0.913232975513492
202 1.29138033336746
203 1.20252188862329
204 1.56747272282754
205 1.44326853422984
206 1.29268116300803
207 0.887160859080032
208 0.946523852333901
209 1.49561916747864
210 0.989676746905372
211 1.45825091902341
212 1.08468706020936
213 1.45676694118475
214 1.07533088094795
215 1.76350221558167
216 1.48407751271341
217 1.56804246499318
218 1.00526656694664
219 1.45821108202609
220 1.24521100293716
221 1.1613023196306
222 1.26153936337363
223 1.20838395925941
224 0.96410568818934
225 0.930213405497747
226 1.19391388856891
227 1.56695743840834
228 0.876926550038443
229 0.895105012840383
230 0.97157021902259
231 0.547581689335015
232 1.50516515158379
233 0.882117183944118
234 1.15901286192
235 0.810601691464773
236 1.14379147285336
237 1.04064097220541
238 1.56783164956613
239 0.512395065189333
240 1.09190353314564
241 1.18143153701524
242 1.22478113150439
243 0.980875746972529
244 1.1615658137708
245 1.28967682430318
246 1.56633859156162
247 1.14628558642984
248 1.80953357150245
249 1.15934796619931
250 1.0872670039051
251 0.961259028091011
252 1.45807260052786
253 1.15171033841183
254 1.13949053902259
255 1.21447099688205
256 1.14465687171772
257 1.29494378367011
258 0.995520612644333
259 1.00179189416501
260 0.996756785956413
261 1.14107966795735
262 1.15968878548249
263 1.22971275426255
264 0.966065671738724
265 1.15497480628628
266 1.16738514020454
267 0.7768373175662
268 0.876337781979044
269 0.802523650658822
270 0.743706115498159
271 0.96114737195592
272 1.12223597779831
273 1.17635131207834
274 0.775069295674766
275 1.09071024033523
276 0.77370509345467
277 0.857918218632118
278 0.905612562219103
279 1.09091708132928
280 0.752844587810373
281 1.17170923563313
282 0.739060173796944
283 1.07074876414784
284 1.02593994773421
285 1.13931746958927
286 1.19478544856771
287 0.951463369296346
288 0.799824865027753
289 0.620158609406997
290 0.796610104097526
291 1.0365269805276
292 0.381827353298295
293 1.07039791102967
294 0.615041426332508
295 1.56836481629773
296 0.818101757678297
297 1.22518879933531
298 1.3873777418589
299 0.69850828670939
300 1.100294159773
301 1.09481373059976
302 1.06870654258436
303 1.12086689831446
304 0.834155090226119
305 0.952833098619093
306 0.80470365320915
307 0.753092986305575
308 0.832234478728545
309 1.06940929014497
310 1.37460482258764
311 1.14235141119655
312 0.743984761451054
313 0.723001515560369
314 1.15795598081261
315 1.36632979106284
316 0.781584854171542
317 0.9417840770931
318 0.896292021867396
319 0.654173215303247
320 0.973336389588751
321 0.90498610358599
322 1.14505418445519
323 1.15080278850778
324 1.0367617200213
325 1.18987170225717
326 0.889429645175657
327 1.22983687321705
328 1.44709709143868
329 1.56792961335517
330 0.778243906622864
331 0.752195850738068
332 0.910463882662045
333 0.455104377159848
334 0.333374725927909
335 0.427959003083455
336 1.47467041539671
337 0.692844956579575
338 0.420305468467414
339 0.940967947536985
340 0.946376079908774
341 0.37720846408399
342 0.550192282869753
343 0.829295958872257
344 0.480251148460146
345 0.338209000586089
346 1.04123262581674
347 0.991059759263314
348 0.513354733072525
349 0.784918770690051
350 0.844319479298182
351 1.24971210045916
352 0.409197015330779
353 0.803328988663143
354 0.723540982568442
355 0.799603420532991
356 0.697940578554595
357 0.724104323018335
358 0.204628912538902
359 1.41487932534505
360 0.436588721548042
361 0.609059143809413
362 0.920221955634335
363 0.993690915050588
364 1.15932286395299
365 1.16107353562049
366 1.43344506253536
367 0.833217132836526
368 1.25316757432099
369 0.901829568793633
370 0.719678108368654
371 1.01753532215979
372 1.71362590845788
373 0.908915284930767
374 1.47460212590021
375 1.05845550462556
376 1.56663892799014
377 0.831405383693817
378 1.15975038937362
379 1.25226351960587
380 1.51880789523576
381 1.50926903059481
382 1.5546674016258
383 1.56648050604626
384 0.996852891417592
385 0.959433988222244
386 0.824585573723009
387 0.433152126943552
388 0.989885646437158
389 1.51083537344267
390 0.979490509969287
391 0.7231897332075
392 0.844898239078237
393 1.0054954521594
394 0.141891099207509
395 0.170899208980733
396 0.66307474320802
397 0.283880858640313
398 0.403415609159603
399 0.144827865180843
400 0.216818445611046
401 0.276144672831476
402 0.2440304740907
403 0.634296666058048
404 0.281236724516611
405 0.569358431891398
406 0.283205780085094
407 0.244074475914268
408 0.703993408941105
409 0.394907241392283
410 0.595159606778731
411 0.963962531206301
412 0.812758366439196
413 0.867297010632152
414 1.0758193803589
415 1.56682851435444
416 1.0367291907523
417 1.07704440943829
418 1.17497134528815
419 1.31441470371202
420 0.962062770991564
421 0.913159950831961
422 1.05846426012793
423 1.34242372882455
424 1.47262832506709
425 1.31036420247041
426 0.673027906139014
427 1.07477716338943
428 1.15423957361993
429 0.823492250021107
430 1.22042582318195
431 1.47723748022479
432 1.57428300552541
433 1.21475237766039
434 1.38005574049966
435 1.45398463446935
436 1.01992126031069
437 0.476945082666876
438 1.15823932733042
439 0.311979017000049
440 1.03839497415444
441 0.462496239143741
442 1.56727868854503
443 0.378779370625006
444 1.23033527768261
445 0.906780207696498
446 1.08558093595136
447 1.14086231718624
448 1.16066352231089
449 0.814746460283116
450 0.834289342882682
451 0.982430864836644
452 0.881204078580441
453 1.16882129336171
454 1.42823197695244
455 1.14202012874631
456 1.08379703323639
457 0.290092642150161
458 0.281596111626096
459 0.585602724146973
460 0.362919158881666
461 0.404169199900942
462 0.551216915473788
463 1.20721078305129
464 0.742745782788617
465 1.49749855968819
466 1.21904292421185
467 1.45317863959956
468 0.748654649527275
469 1.16050049540801
470 1.15955157801179
471 1.03069917244124
472 1.54480792983325
473 0.958907067948687
474 1.35928374835896
475 1.12777672791261
476 1.47435601931779
477 1.21222429051231
478 1.15200933866232
479 1.24161815901382
480 1.0078701783238
481 1.56845976932718
482 1.25532819277971
483 1.58197278112376
484 1.29443317467438
485 1.16653032407975
486 1.15213620475472
487 0.734074949554948
488 0.945310796542617
489 0.924390219362826
490 1.45244663335842
491 0.882542230788849
492 1.15633222305836
493 0.760706071074865
494 1.24840034620887
495 1.45822025052002
496 1.08279681228445
497 0.647035937020024
498 1.21993886859847
499 1.07844326884886
500 1.22327948058197
501 1.18613110818986
502 1.17117808812596
503 1.19920709383186
504 0.882991438633397
505 1.18554389604989
506 1.12595482969368
507 1.2567804054006
508 1.22410266271089
509 1.19131684255338
510 0.916915186195548
511 0.978537170295803
512 0.656259682249765
513 1.1457619583275
514 1.21162330944734
515 0.818803006044521
516 1.14092822970398
517 0.840486579341141
518 1.15878770465098
519 1.4677210292815
520 1.00815872792466
521 1.10098755374856
522 1.08845311568225
523 1.24897287411953
524 1.15992094568647
525 1.23236597803635
526 1.12970383242979
527 1.70443147662703
528 1.16085577192489
529 1.22861222165337
530 1.23298607070849
531 1.16257302516246
532 0.646233333401222
533 1.03252972995692
534 1.00736045281113
535 1.143262518594
536 1.12339573638526
537 1.30454174811301
538 1.18236705591709
539 1.2077092709219
540 1.01014614706674
541 0.971005158473374
542 0.985225735237137
543 1.167056406397
544 1.1562012733416
545 1.08793263144621
546 1.20211662892745
547 1.30612346050487
548 1.31713705137013
549 1.31728062138564
550 0.826712154555851
551 1.13176684042252
552 0.997356851684573
553 1.00293227506807
554 1.02477957880015
555 1.24910280602363
556 1.07343521681255
557 1.19082555875608
558 1.2209276503324
559 1.31663615013146
560 1.28464174627329
561 1.6961007584706
562 0.976539386815251
563 1.00705068171391
564 1.15614537989322
565 1.00748880924665
566 1.14210218383507
567 1.20345152536582
568 1.47544164740174
569 1.16141188279196
570 1.06664378323136
571 1.29218996863936
572 1.31778991048282
573 1.00796209778563
574 1.27193607694503
575 1.10667252409802
576 1.22574561262876
577 1.04946159924524
578 1.00302411131474
579 1.22601328127525
580 0.779590259370515
581 1.25224055661119
582 1.12816519733008
583 1.55050389969385
584 1.00217700865519
585 0.813022329019656
586 1.42394862478859
587 1.31158293533887
588 1.16418464839488
589 0.90100204225425
590 0.992501547881236
591 1.14752172408165
592 0.793364196956206
593 1.47393364987653
594 1.16047254333684
595 1.56854730015869
596 1.21318893780276
597 1.15070306020357
598 1.23626866167079
599 0.776344566960378
600 1.06600433558783
601 1.56892406605778
602 1.043749887318
603 1.14646428876355
604 0.642043105475015
605 1.20167046677913
606 1.36570423353345
607 1.47510343651835
608 1.12777107773089
609 0.512731237927205
610 1.04360542169056
611 1.47549998897155
612 1.19831638707803
613 1.05743019552122
614 1.07793222410209
615 0.914972731193001
616 0.489781245605207
617 0.443015928310113
618 0.557870388950676
619 1.06880679004721
620 1.47213109651868
621 0.612135742014508
622 1.07534263028771
623 1.57529594573493
624 1.14827201223105
625 1.47469773310006
626 1.23993402568896
627 0.952105893080152
628 1.475194944636
629 1.03316109861288
630 0.931673039043474
631 1.23822824276745
632 1.01994992159544
633 0.69643934925904
634 1.07476578615649
635 1.53634416678981
636 1.10682554822788
637 0.381859979129996
638 0.343574196173473
639 1.09021694910561
640 1.54191030296545
641 0.293681786821051
642 0.895586669223707
643 0.746508517681733
644 1.00896313578846
645 0.650065574875938
646 1.1400550052182
647 1.29144743206967
648 0.681368991559332
649 1.31001897335878
650 1.3175566825156
651 1.13154386331993
652 0.873400636574602
653 1.14046898385066
654 1.24996035824439
655 0.872908738906684
656 1.01642540774103
657 1.00671054039984
658 0.995463533891495
659 0.817117564166737
660 0.978823514450603
661 1.34207036550881
662 0.858107831676489
663 1.47559125126772
664 0.70012403406274
665 0.884247568122176
666 1.00503945139771
667 1.46550391155319
668 0.863421335336239
669 1.47468572102615
670 1.5071564098549
671 0.875935279132082
672 1.07731306809692
673 0.904850034263127
674 0.69734514606924
675 1.47504260889063
676 1.00368791696394
677 1.45295638947201
678 1.57963695795938
679 1.08132418451047
680 1.07847942191447
681 0.977279466044731
682 1.50101878938987
683 1.07365107854024
684 1.53121203354098
685 1.02856004050672
686 1.11141327915456
687 1.1275116158923
688 1.13859621284287
689 0.98887583393921
690 0.888160679966715
691 1.14177609968865
692 0.992049116720213
693 1.19429093854871
694 1.072773259411
695 0.830129159411544
696 1.43299165548689
697 0.759356305880276
698 1.06974522489894
699 0.856699268060978
700 1.12943762394151
701 0.865779790076015
702 0.9946849313401
703 1.01465405609689
704 1.18716702195639
705 1.15114550681743
706 1.22483847934014
707 1.20856294570601
708 1.16077841816915
709 1.58171964672186
710 1.22737097164876
711 1.45621080400489
712 0.939733568897906
713 1.21703642702686
714 1.20449817586865
715 1.31667939488393
716 1.0446671926976
717 0.756389464860388
718 0.419131806470568
719 1.28883542618719
720 0.488361107250189
721 0.912657287480614
722 1.0507155306449
723 0.916415293716147
724 1.19442304277184
725 1.33118346126002
726 1.17632870342721
727 1.09805471755781
728 0.83357053509997
729 0.839199274354668
730 0.909385712535095
731 1.08857047596213
732 1.14181907051471
733 1.02390492858496
734 1.12909548455741
735 1.16171368693862
736 1.12142677250441
737 0.830639630158996
738 1.13261480936369
739 0.995268144446606
740 0.954368360580099
741 0.93785985340553
742 1.21357360854183
743 0.371190969904566
744 0.819220440469947
745 0.916231619657759
746 1.0651716478752
747 0.571274765136589
748 1.14283496179097
749 1.33546688208765
750 0.916496608991661
751 0.80636808685838
752 0.792338155886478
753 0.644792202353854
754 1.47046683673051
755 0.845391523791232
756 1.43155670200921
757 0.989410068333457
758 1.1740363378048
759 1.01323034898941
760 1.00457561987987
761 1.30684974247129
762 0.941807926923629
763 1.4760333021711
764 0.964149662353752
765 1.56021038785324
766 1.64674258724046
767 0.962008166037041
768 1.00409105323307
769 1.12717752912616
770 1.39162291758439
771 0.858275701722984
772 0.639441623221501
773 0.914827565875613
774 0.879109197282617
775 0.733933862310247
776 0.759153867381053
777 1.21155534284706
778 0.56309796879887
779 1.03598113652578
780 1.10700014343077
781 0.826332930067211
782 0.98998594575495
783 1.13813103315022
784 1.05911798785639
785 0.888508522607517
786 1.09063184159142
787 0.964344126375641
788 0.869529465675093
789 1.09741793671145
790 0.887743013908195
791 0.975655275215396
792 0.957227002761072
793 1.1024276819172
794 1.4308295918693
795 1.13962028144052
796 0.501993934339466
797 0.941821031279015
798 1.22672773223996
799 1.5191566105916
800 0.848231395907041
801 1.01314402959783
802 0.853731078511279
803 0.922532013459544
804 0.725744734970756
805 0.892458971145522
806 1.56061927799661
807 1.45800516743061
808 0.699237985295851
809 0.875564659659431
810 1.2482773633548
811 0.928759281349552
812 1.16001961561795
813 0.595642295895078
814 1.1931861184574
815 1.20633446714444
816 0.796206717405341
817 1.02810887096602
818 0.998299013062503
819 0.76467901670167
820 0.961899643023625
821 0.792126107786531
822 0.652530933765839
823 1.22619768885758
824 0.968656574677559
825 0.90712828364693
826 1.10352307277043
827 1.14540274958334
828 0.988724792748984
829 0.989845593019266
830 1.11735336363513
831 1.42370710620655
832 1.18787618614571
833 0.765731166803071
834 0.948904924870779
835 1.13746660884194
836 0.499044988589411
837 0.432793312008275
838 1.12745758784526
839 0.925790780466385
840 0.519174848742121
841 0.702986064751396
842 1.15487472366802
843 1.10911454000951
844 0.82137688442019
845 0.574990545810209
846 1.19634473161547
847 0.968868715438071
848 1.44616722544194
849 0.824331493717703
850 1.21905361100435
851 1.02339929914252
852 1.22039300357404
853 1.2867969274715
854 1.15449368420076
855 0.811585979050993
856 1.24145669792591
857 0.822524725335165
858 0.887919325262946
859 0.984325933706194
860 0.747339847061073
