"POS" "KL"
1 1.70915787870101
2 0.962498017365608
3 1.056282887236
4 0.812810180092202
5 0.907138199549987
6 0.763488016489366
7 0.566856845807029
8 0.854561477976999
9 0.928314408091978
10 1.04461140791808
11 0.921229561821959
12 0.741900218887557
13 0.891103687560531
14 1.13130094391102
15 0.474901583572399
16 1.31342187998327
17 1.02972625754634
18 0.607386744450578
19 0.913377557769395
20 0.593256840679888
21 0.800548023214013
22 0.952368263618611
23 0.989552659090512
24 0.677047625775014
25 1.27493264416571
26 0.820947600368073
27 1.30939506511422
28 0.791023691486511
29 0.768029624660312
30 0.30721637715467
31 0.605154503089809
32 0.595896270307838
33 0.791345171181083
34 1.47192994093253
35 1.20149665873063
36 1.13849344628466
37 1.16374306756021
38 1.56447792770641
39 1.57835277196806
40 1.16372560923994
41 1.2046573822645
42 1.45865795823879
43 1.19186448746254
44 1.46862394673307
45 0.987823421887011
46 1.05262546289473
47 1.2237537790991
48 0.547046212533908
49 1.04626403705219
50 1.08130129232272
51 1.00874091124269
52 1.51843740472779
53 1.56878966390253
54 1.24601020546586
55 1.22921278203492
56 1.36056226925186
57 1.2339050519731
58 1.2097043089082
59 1.05065787078563
60 1.39002862215686
61 0.704676078665797
62 0.671251990586506
63 1.25965770021701
64 0.81053258324597
65 1.81101426336641
66 1.13694587601961
67 1.03863107413707
68 1.47503356207504
69 1.2417712564836
70 1.13786257772848
71 1.75735013907951
72 1.24055782823442
73 1.56821193094734
74 1.20420395812646
75 1.45839111657099
76 1.12000886895489
77 1.40444976416863
78 1.45827196360765
79 0.876998193019509
80 1.45903272694475
81 1.22102050811512
82 1.25879740271893
83 0.640870677359587
84 0.377673191711729
85 0.930730619996113
86 0.617565318063117
87 1.12456827228197
88 1.17274823922278
89 1.12024558197684
90 1.25438981087391
91 0.789411272452846
92 1.50275814361095
93 1.07483033193902
94 1.56850979320907
95 1.45632414989097
96 1.11349989214592
97 1.12622434404178
98 0.788011949538798
99 1.70659093485712
100 1.13938340212077
101 0.992945626386999
102 1.3180089709684
103 1.70253731395319
104 1.50885408269986
105 1.06681859712372
106 1.4305802272945
107 0.90731582288238
108 1.05025014441322
109 1.15113298807131
110 0.975684712197683
111 1.47496037672601
112 1.3707554391061
113 1.15235271357184
114 1.18270796693788
115 1.00234806182389
116 1.22861223271679
117 1.45752772833058
118 1.56857515439852
119 1.17538715345901
120 1.15247794489803
121 0.965022228364912
122 1.13896598098512
123 1.4453498021232
124 0.974682138868809
125 1.56811165880303
126 1.18812613060581
127 1.01989143452565
128 0.995746400371245
129 0.712251517015099
130 1.56719144891616
131 0.6385313660218
132 0.742575134906777
133 0.286896653085883
134 0.391659308008571
135 0.100579127699597
136 0.372115310585198
137 0.57199970935215
138 0.23056357334514
139 0.501374084970717
140 0.615237618092314
141 0.226589254945027
142 0.464568854967091
143 0.340357760373776
144 0.435679526308171
145 0.829686074134291
146 0.974081948915171
147 0.962994217446621
148 1.56789296349566
149 1.09467912169865
150 1.48840140054409
151 0.970387771801175
152 0.571480409863415
153 0.986544942058677
154 0.976244049420127
155 0.448278577519253
156 0.575658212640704
157 0.75468035575138
158 1.13893688807218
159 1.0392011029839
160 0.442006311641986
161 0.70037010770702
162 0.769455557552361
163 0.588130449515188
164 1.10721346475618
165 1.1184749465694
166 0.811324031879921
167 1.43100691575624
168 1.40329715187094
169 0.681480663671916
170 0.722611827775726
171 1.42875335245902
172 0.72303361968666
173 0.873917120901928
174 0.943013994310798
175 0.693293663380715
176 0.555194267947365
177 0.595098286366141
178 0.450691962082359
179 0.51049599102461
180 0.330954421522112
181 0.492639033689014
182 0.268879136861094
183 0.761092702969946
184 0.396451873534529
185 0.542994933055377
186 0.389225631459294
187 1.54954070071279
188 0.861861768505923
189 0.94190235317404
190 0.833351930256191
191 0.795410637582935
192 1.5680526767209
193 1.08920126624881
194 1.01931596053969
195 1.20459097238686
196 0.685180250917148
197 0.834008929805753
198 0.909599049824336
199 1.29179344358533
200 1.20054341134009
201 1.56805363302745
202 1.44363945123211
203 1.29439809523085
204 0.88779827572116
205 0.94330461562539
206 1.49531922203571
207 0.992616720132854
208 1.4585981633698
209 1.08597543428352
210 1.4571737719336
211 1.07662178011939
212 1.76305727136346
213 1.48320195947468
214 1.56871028549698
215 1.00296696197744
216 1.45848811105969
217 1.24334184745504
218 1.16395351005962
219 1.26087974253451
220 1.20637956316958
221 0.965362100352986
222 0.931053378466893
223 1.19558025889741
224 1.56766612127305
225 0.875560339982666
226 0.892273402257149
227 0.974707294613424
228 0.546037983352849
229 1.50484477593711
230 0.877800881622752
231 1.16155561659708
232 0.807300421870937
233 1.14635957507632
234 1.040885199182
235 1.56843761901274
236 0.510726524532856
237 1.08724887106527
238 1.18198835373858
239 1.22195234992781
240 0.976652396359743
241 1.16219066548963
242 1.29012119020371
243 1.56698713087932
244 1.14187007715532
245 1.80924770942716
246 1.16196858632999
247 1.08853722797707
248 0.962928151335557
249 1.45850832613729
250 1.1522880816158
251 1.14006489879268
252 1.21161266241745
253 1.14021587183821
254 1.29540109047017
255 0.996358853778083
256 1.00263482934991
257 0.997687923362693
258 1.13633393751983
259 1.1622114132256
260 1.22691565283548
261 0.966916881545834
262 1.15300488048562
263 1.17302029974564
264 0.781222562391492
265 0.880707142986182
266 0.803319287421232
267 0.744958194972454
268 0.962369531455613
269 1.12356109173785
270 1.17345567351466
271 0.778788224453858
272 1.08598525813187
273 0.774118419476456
274 0.853860742295965
275 0.902386953541984
276 1.08626736241182
277 0.751239507375581
278 1.17350001680643
279 0.735527509802448
280 1.07198979088212
281 1.02716565687596
282 1.13992095809887
283 1.19502126618999
284 0.952444025021287
285 0.796392528826329
286 0.623275002419744
287 0.794238704786407
288 1.03706383282811
289 0.384093209883835
290 1.07176872323295
291 0.611767846994404
292 1.56875084434368
293 0.814731570592702
294 1.22683650095679
295 1.38785330667556
296 0.695666215224617
297 1.09548815702523
298 1.09076354097078
299 1.06437298359342
300 1.12197849545674
301 0.834877086971585
302 0.951029362762937
303 0.805872824593542
304 0.75276648906792
305 0.833663683423409
306 1.07178417999592
307 1.37494057281733
308 1.1451150566101
309 0.744793636871228
310 0.720799807864137
311 1.15566334204174
312 1.36103619197258
313 0.771328501483364
314 0.929027224115175
315 0.89742529004049
316 0.654448721181401
317 0.974848550647484
318 0.905831433199248
319 1.14758324514809
320 1.14844952060725
321 1.03794039627808
322 1.19124575174914
323 0.890318192800181
324 1.22793036785943
325 1.44666437666868
326 1.56864721827457
327 0.774735751472223
328 0.753410129184066
329 0.907372136706721
330 0.45485435765312
331 0.330922631011174
332 0.4279594844276
333 1.47491850723645
334 0.689369431516515
335 0.419829940486249
336 0.93587409274719
337 0.946154883065779
338 0.37894824960078
339 0.551606314082414
340 0.83075089069009
341 0.480143917979615
342 0.340288946654706
343 1.04164152907312
344 0.992818081919652
345 0.489217663287723
346 0.778997695323981
347 0.827668986698216
348 1.22002351986388
349 0.362441867520241
350 0.879503673738137
351 0.852218979402067
352 0.893223993939145
353 1.03417461236831
354 0.298747611646862
355 1.47398160750622
356 0.443783256324823
357 0.609827077547868
358 0.934035883768782
359 0.995167861366573
360 1.16193151844839
361 1.16342203869736
362 1.43136851495156
363 0.83370774882531
364 1.2588574534343
365 0.902998920328693
366 0.718037150372673
367 1.01771378445611
368 1.71332654148619
369 0.906207894344854
370 1.47431194721862
371 1.05385163611442
372 1.5672586821366
373 0.833600731167447
374 1.16234596179891
375 1.25809197134597
376 1.51842472365636
377 1.50900375868082
378 1.5536675386132
379 1.56725034131906
380 0.992479101553091
381 0.955094284208508
382 0.821092803044509
383 0.43281628095305
384 0.996058545001826
385 1.5026842642854
386 0.975344683051843
387 0.70344441533416
388 0.846313431325015
389 0.819054342470492
390 0.511847200615509
391 0.195565191813729
392 0.547410710793137
393 0.350120138958934
394 0.2229146967117
395 0.243195936811213
396 0.142509906297638
397 0.834796740254383
398 0.276154111583084
399 0.642279258918746
400 0.373717149590751
401 0.250095147169415
402 0.295989793642426
403 0.13932235864731
404 0.321200451107875
405 0.249093730963271
406 0.40664036505077
407 0.564433742542197
408 0.257563115551451
409 0.413733332388249
410 0.55609069123228
411 0.256409627308413
412 0.556502736450511
413 0.965891940516812
414 0.80947151439579
415 0.867019842611323
416 1.07639769366743
417 1.56746096858304
418 1.03816664102463
419 1.07820813475549
420 1.1766230302861
421 1.31474785501753
422 0.963091565834051
423 0.914247800327422
424 1.0539436704163
425 1.3463982787989
426 1.47286419263659
427 1.31101755250863
428 0.676953458575661
429 1.07522312149594
430 1.15681567812577
431 0.82495050394051
432 1.21851826855541
433 1.48136712360204
434 1.57349111475141
435 1.21287776606723
436 1.38029844084792
437 1.45437904028056
438 1.02100502414867
439 0.477268629996941
440 1.16071477447833
441 0.311280284313975
442 1.03958898172076
443 0.460962348155285
444 1.56778642821633
445 0.377375596155183
446 1.22734597077958
447 0.90250516599536
448 1.08674641643762
449 1.13642705004741
450 1.16341845628351
451 0.815771867397977
452 0.835304127628372
453 0.983369814621328
454 0.87761853660274
455 1.17045466236346
456 1.42749719809207
457 1.14648055541414
458 1.10878442430698
459 0.202480488952859
460 0.622756418213151
461 0.236896257407752
462 0.425220962328354
463 0.261462448202722
464 0.432714134498109
465 0.649166693246015
466 0.310922296672948
467 0.64698495552815
468 1.22624075324737
469 0.728756018675864
470 1.49771888703189
471 1.22084223590954
472 1.45360751693438
473 0.750672152274796
474 1.16305195753446
475 1.16216874548173
476 1.02779014254438
477 1.54918383360845
478 0.960491145250764
479 1.3573496500595
480 1.12309012394904
481 1.47456272353197
482 1.21368771524155
483 1.14913262489972
484 1.24733637116769
485 1.00873791894155
486 1.56767228622278
487 1.25711185846728
488 1.58108433787703
489 1.29614841646533
490 1.16715661001502
491 1.15271036874695
492 0.736828022204914
493 0.94645819305305
494 0.928815674137003
495 1.4527863400285
496 0.883400699210731
497 1.15887210228143
498 0.761581339158396
499 1.24649653708195
500 1.45856500260373
501 1.07845812208374
502 0.648704396226781
503 1.21799934253561
504 1.08015121525266
505 1.22471135359992
506 1.18762579653018
507 1.17176426925052
508 1.19979862228467
509 0.889159882793822
510 1.18702617908486
511 1.13137969061938
512 1.25846029467338
513 1.22553198375048
514 1.1894014316155
515 0.917464430866992
516 0.980423436064594
517 0.657490905994057
518 1.14826950204594
519 1.20974493756675
520 0.820843470926371
521 1.14091091476455
522 0.841234514481761
523 1.16136136698662
524 1.46746691164572
525 1.00901754273014
526 1.10334679346646
527 1.0864625016995
528 1.24707380871734
529 1.16251593118029
530 1.22955226932287
531 1.12526522234719
532 1.70892030564311
533 1.1633493108691
534 1.22672408326031
535 1.23111245004609
536 1.15984632845114
537 0.647810053200896
538 1.02832365062851
539 1.00818180606755
540 1.1388333889118
541 1.1238904127988
542 1.30492197593075
543 1.18044332147179
544 1.20916575388962
545 1.01071393021804
546 0.971912244547467
547 0.9861830761819
548 1.16423922873118
549 1.15870826947477
550 1.08917714895655
551 1.20266317626004
552 1.30656260777063
553 1.31762677153678
554 1.31775767349434
555 0.823061106416683
556 1.12708230822269
557 0.998289430135537
558 1.00384230249586
559 1.02631023168513
560 1.24719647737101
561 1.07460373710473
562 1.19630560554219
563 1.21903136015117
564 1.31706640217322
565 1.28510022345585
566 1.69576408109245
567 0.978765270913343
568 1.00782466516723
569 1.15664833144095
570 1.00825276173912
571 1.13758524881266
572 1.20391926562229
573 1.47550568742677
574 1.16391634469785
575 1.06782125880123
576 1.2939198536671
577 1.31827056466897
578 1.008847230224
579 1.27247038908813
580 1.10445761200924
581 1.22730325792543
582 1.05008024036242
583 1.00389220803025
584 1.22417810564725
585 0.780397589052392
586 1.25807935668686
587 1.12954997921114
588 1.54978403660492
589 1.00307716559365
590 0.814526787520544
591 1.42204704137634
592 1.3120590448017
593 1.16475821456453
594 0.901842185185003
595 0.993401989207836
596 1.15004242062025
597 0.794704692489733
598 1.474199105533
599 1.16300908153225
600 1.5692190603183
601 1.21038844152715
602 1.15322990249345
603 1.23801566402099
604 0.777196627322645
605 1.06721987036362
606 1.56953410401428
607 1.03952666367769
608 1.14205521125792
609 0.638812460675203
610 1.20225531397998
611 1.36597364122267
612 1.47525990486599
613 1.12303298815113
614 0.509996006583538
615 1.040583690824
616 1.4755706589657
617 1.19528137607868
618 1.05445703366971
619 1.0806163845264
620 0.915688479098495
621 0.487510129297072
622 0.440259735884589
623 0.562839947184591
624 1.07004924126635
625 1.472372463845
626 0.611054205912842
627 1.07068592588779
628 1.57962945942286
629 1.14386426562558
630 1.47491268851118
631 1.24367120156596
632 0.954623762082021
633 1.47546069672679
634 1.03605130522805
635 0.933234524948077
636 1.24397038817585
637 1.02117470505214
638 0.694248525608598
639 1.07020529465795
640 1.5355970907472
641 1.10252253061302
642 0.381145338529342
643 0.343292960634626
644 1.0914891139493
645 1.54118931183541
646 0.292075335354804
647 0.89653007163766
648 0.747628485105741
649 1.01367980395835
650 0.653232429986264
651 1.13737943371894
652 1.29180157806952
653 0.677544821375971
654 1.31038250578634
655 1.3179395558383
656 1.13653599617902
657 0.874999426625114
658 1.13571171134577
659 1.25567725168932
660 0.873879895260766
661 1.01834284057242
662 1.00757770393595
663 0.996332471851913
664 0.818997588281772
665 0.979687498389014
666 1.34012109049442
667 0.858778314601252
668 1.4758682907742
669 0.698376005208708
670 0.880918215204034
671 1.00587217120121
672 1.46564992220282
673 0.858952990528455
674 1.47492355012225
675 1.50687625399119
676 0.873393065248729
677 1.07853603006447
678 0.900892220189678
679 0.69501253963207
680 1.47516935288254
681 1.00452443715998
682 1.45312577017464
683 1.57875750643171
684 1.08254709740132
685 1.08017621554164
686 0.978543674559123
687 1.50081007433104
688 1.0748352739636
689 1.53544662184763
690 1.02968768911773
691 1.11196256784882
692 1.12995602041702
693 1.14110304621986
694 0.989753273627836
695 0.889335160650381
696 1.14433131063643
697 0.992982607062545
698 1.1957327661366
699 1.07410553295133
700 0.831026751302754
701 1.43283764974709
702 0.756899965269224
703 1.07030764162912
704 0.857569869310467
705 1.12670502078102
706 0.867020565543507
707 0.99542500119372
708 1.01031655926084
709 1.18862881704607
710 1.15161035334112
711 1.22620754911872
712 1.2090462335234
713 1.16322573760252
714 1.58085859363357
715 1.22457716379112
716 1.45646312964497
717 0.940371734367466
718 1.21444891669617
719 1.20415321735746
720 1.31748824819959
721 1.0405961564537
722 0.754685429522877
723 0.419461061200462
724 1.27239605035685
725 0.487892610217175
726 0.913276440852159
727 1.05111398886897
728 0.901177402343026
729 1.20369423394449
730 1.32898357102668
731 1.17936764274235
732 1.09702634907222
733 0.837964046112653
734 0.841975576883577
735 0.909989968386697
736 1.09404469734275
737 1.14742909494841
738 1.0291968529376
739 1.13167887265313
740 1.16407463461265
741 1.12658076227625
742 0.831618060617253
743 1.13158107051211
744 0.99644027251678
745 0.952898961842753
746 0.938834295978659
747 1.21121417386946
748 0.37204047897837
749 0.820362780643527
750 0.916977517503587
751 1.06545215621466
752 0.568321951737028
753 1.14548488137737
754 1.33531122691961
755 0.917105561649073
756 0.804565253224444
757 0.793228824316466
758 0.644617776220717
759 1.47064611951371
760 0.84478634229776
761 1.42979078741415
762 0.990403626814459
763 1.1757046510781
764 1.01026672110228
765 1.00562166065389
766 1.30735440946009
767 0.942778983581178
768 1.47601827729369
769 0.96191944486473
770 1.55972421350674
771 1.64666366062422
772 0.963290070270296
773 1.00497179391828
774 1.12864633916569
775 1.38973441705777
776 0.85874246240713
777 0.640059513145375
778 0.915510737375658
779 0.881214291222694
780 0.73278555881802
781 0.757037615143962
782 1.21381320314527
783 0.560584905156863
784 1.0356706719001
785 1.11077910040666
786 0.826185443087497
787 0.993429303058894
788 1.13331492202912
789 1.08785688385747
790 1.03667007914367
791 1.07810974845979
792 0.949918230539543
793 0.868310359600563
794 1.10301176281766
795 0.899488074395592
796 0.871176515225558
797 0.989629921699717
798 1.09700139463325
799 1.42707081440224
800 1.14532546150177
801 0.501965251699532
802 0.941835357956185
803 1.22802895886711
804 1.5175509833485
805 0.848810008517081
806 1.01312202458995
807 0.849277919117542
808 0.922837840430351
809 0.726503709263204
810 0.893230985883113
811 1.55934238744611
812 1.45807189093204
813 0.698771265270278
814 0.876061604064902
815 1.25412785632636
816 0.929859443997193
817 1.16182003380443
818 0.593525384917232
819 1.1900455423235
820 1.20417138268797
821 0.796882152958365
822 1.02480131738102
823 0.998921625458824
824 0.765347250281844
825 0.957957104927481
826 0.789027296121616
827 0.650689471954403
828 1.22415838889254
829 0.970243846494234
830 0.905954252891151
831 1.1044703592235
832 1.14463627951974
833 0.99174305150715
834 0.989211282673183
835 1.11036732084633
836 1.42074328871739
837 1.19327641846708
838 0.766029099744131
839 0.947977569600751
840 1.1446886904696
841 0.496166731434318
842 0.429734732842475
843 1.12932571068848
844 0.927422937998472
845 0.520576243305114
846 0.705420155978019
847 1.15777162789872
848 1.10783146991286
849 0.823236516343458
850 0.576432736078849
851 1.19415018184175
852 0.970682910496577
853 1.44996691140299
854 0.821000345337126
855 1.22152529447714
856 1.02284386755421
857 1.2225509118938
858 1.28782428079191
859 1.15632122573174
860 0.811433730979101
861 1.24979971444653
862 0.822414822765006
863 0.885906637548631
864 0.986333246279704
865 0.747104989154773
