"POS" "KL"
1 1.45594320122667
2 1.11401339306329
3 1.09902265642151
4 1.20298771218779
5 1.09832489783812
6 1.2649780246108
7 1.03488402515089
8 1.08661713138954
9 0.901482355101824
10 1.06619405479044
11 0.92005756545948
12 0.709568252112058
13 1.10810851496619
14 1.46371753897332
15 0.450527641586685
16 1.7111054022786
17 1.11109184639021
18 0.934008609843734
19 1.27937756332379
20 1.095423190082
21 1.10855162892692
22 1.20581060852954
23 1.16985350926463
24 1.09967291627654
25 1.09284269152625
26 0.923101180102304
27 1.11055865854439
28 0.614377765176388
29 1.80998029496045
30 0.675459614328562
31 0.905749868279611
32 1.10162248293413
33 1.68021295601152
34 0.871673953072756
35 1.22280710007464
36 1.72447738261983
37 1.10072022856315
38 1.25465858646226
39 1.2083453981421
40 1.11593817866502
41 1.09606317274289
42 1.04535661325273
43 1.16772560645498
44 1.58494192405283
45 1.08284841779983
46 0.838183955061087
47 1.27483244757482
48 1.14106924466961
49 0.924600023379766
50 1.10262890316378
51 1.09906988693855
52 1.10447412068355
53 1.15094567243409
54 0.742332780091296
55 0.872540536822869
56 1.11460520458311
57 1.6810407203598
58 0.670819664042951
59 1.02075039379352
60 1.17290199095837
61 0.785721529276015
62 0.338514443876007
63 1.13134781076215
64 1.05459922877273
65 1.03765684371116
66 1.01071386245673
67 0.739969679724678
68 0.990970444194465
69 0.723661454222149
70 1.23163631358456
71 1.10962344410592
72 0.967257393778532
73 1.07603670426037
74 1.0743345456076
75 0.930254131110828
76 0.804241477583961
77 1.26866095645314
78 1.09159711052976
79 1.35485051067556
80 1.31701199635529
81 1.08492521007981
82 1.05097971943567
83 1.00314227007527
84 0.997146375778464
85 1.08688836053146
86 1.5674312578811
87 1.64482382132568
88 1.2874443002246
89 1.6649782359942
90 0.57991469422742
91 0.559897777526918
92 1.18758310233159
93 0.760960819890733
94 1.07954496177727
95 0.693418692462889
96 1.47364286408183
97 1.24314132878701
98 1.08292279771534
99 1.09720212304956
100 1.10436490972207
101 1.07889961951642
102 1.22314549192552
103 1.00189414822319
104 0.997262762673462
105 1.06724792690781
106 1.06683268205212
107 0.770881855784959
108 1.09549002331502
109 1.00447186297901
110 1.00686268681065
111 0.915682300453649
112 0.783915011202664
113 0.753090462593044
114 0.92152774651711
115 0.697970149064898
116 1.06126877771079
117 1.01649367887487
118 0.878168042316377
119 0.690924815526781
120 0.861328893316186
121 0.833993014300187
122 0.68792328407042
123 0.930150335419255
124 0.811575218597483
125 0.781098593507097
126 0.729817817459006
127 0.643423299089694
128 1.12819131004331
129 1.2618642487132
130 1.073655199536
131 1.31590611266769
132 1.7317402917776
133 1.17748423977104
134 1.24826190028727
135 1.28184816221037
136 1.13270713748551
137 1.31026469009294
138 0.605858328181691
139 1.15410734124304
140 1.11568414751933
141 1.13532522904795
142 1.40296722649695
143 1.13338337322195
144 1.61427800180534
145 1.13357329178346
146 0.658496789867196
147 0.804184180909394
148 1.19314066301945
149 1.16118056727
150 1.23140411300733
151 1.2451133765174
152 1.11018395876033
153 1.31491841087768
154 1.09953441568195
155 1.72429579606328
156 1.31024911058126
157 1.11682301804429
158 1.28655194514323
159 0.999308935722366
160 1.11545185064752
161 1.09562147048816
162 1.07832757308409
163 0.875994484667308
164 1.60068927611268
165 1.08520955224109
166 1.17872097963306
167 1.11641750674272
168 1.22771001271452
169 1.28553448776071
170 1.17745787646464
171 1.45389202545071
172 1.5983116183608
173 0.917751602311752
174 1.1037990321896
175 1.10974382834924
176 1.19486420013878
177 1.09356427665536
178 1.11311292507647
179 1.08310371821278
180 1.21598602949281
181 1.17476896934115
182 1.01124714548681
183 1.48927881625913
184 1.08251476841071
185 1.31852274970573
186 1.00039277630797
187 1.45165020011922
188 1.10201866207126
189 1.31781109373473
190 0.975475015730237
191 1.27609162884917
192 1.11608885136331
193 1.10929710697051
194 1.68153752568023
195 1.15651073202936
196 1.09627456971409
197 1.10389383300774
198 1.45069893230871
199 1.15265657660039
200 1.35695669216281
201 1.10644541311013
202 1.11438614465637
203 0.984845751145498
204 1.20855329144463
205 1.28913163258375
206 1.31729634853897
207 1.07160476706558
208 1.11671948963209
209 1.10108766611773
210 1.08035180860863
211 1.04847349325224
212 1.72526183541835
213 1.48754914376801
214 1.2329924335993
215 0.759343293976901
216 1.68147769352501
217 1.17817015829764
218 1.11104649568994
219 1.29017348518227
220 1.09850472787821
221 1.11456804807198
222 1.17646372727132
223 0.816535871783597
224 0.853763025699923
225 1.15390358392401
226 1.09937380660283
227 1.14638543337886
228 1.11441133526103
229 1.23356327378251
230 1.0351624922943
231 1.17854949770084
232 1.21977829647036
233 1.11445475091145
234 1.26052702715459
235 1.48800209659842
236 1.28738295154407
237 1.10366653846326
238 1.11524769021231
239 1.21457262744365
240 1.24264391862976
241 1.26745319773163
242 1.04847018651461
243 0.948219479459026
244 1.11963158705854
245 1.10998565702157
246 1.15711242808416
247 1.1707514241717
248 0.628404947208234
249 1.72437402758476
250 1.40495075206892
251 1.24463065178078
252 0.736229879952888
253 1.29854739523342
254 1.17250876501122
255 1.08347997245018
256 1.07758382461243
257 1.17269526006384
258 1.30093524536143
259 1.11495164076748
260 0.96966290411567
261 1.27890112680672
262 1.81154789843096
263 1.09657502713307
264 1.15988859395202
265 1.72570346221283
266 1.28076391610006
267 1.24016191075536
268 0.993356834077923
269 1.11519421006488
270 1.11004445916436
271 1.30770730015915
272 1.11613645698964
273 1.26392354845711
274 1.31174670318531
275 1.21117203817793
276 1.45330616548589
277 1.81165624148417
278 1.24021931402398
279 1.17808805459459
280 0.91578405066768
281 1.217383302644
282 1.29043424558153
283 1.11103232672327
284 1.47682045464392
285 1.27427624557488
286 0.881697461654103
287 1.15774859811351
288 1.11420426656846
289 1.17852259001545
290 1.11649285168272
291 1.117697560941
292 1.13726915986401
293 1.60051378937084
294 1.23187746276499
295 1.47695424932836
296 1.8117799316518
297 1.30798232545823
298 1.48658449301136
299 1.23444822276338
300 1.59931702180614
301 1.4228068606473
302 1.07074914414435
303 1.09015191112187
304 1.10806322553034
305 1.23447606645558
306 1.10243382878839
307 1.11610564323731
308 1.15618570000237
309 1.02013552091481
310 0.954807595332833
311 1.13410306715629
312 0.970381611223326
313 1.3077546539966
314 1.1166356406305
315 1.13374199665553
316 1.72521112134723
317 1.45373546599538
318 1.24507495155998
319 0.958846420081745
320 1.23639525693321
321 1.10979499445889
322 1.10229179710228
323 1.21791679332107
324 1.15674029083981
325 1.31926532621803
326 1.01697445937969
327 1.3162240743521
328 1.17825998463175
329 1.48682283240586
330 1.68732160259278
331 1.05599042081722
332 0.928484265979319
333 1.28415048221748
334 1.11018073982976
335 0.874279063624264
336 1.00833659301814
337 1.10058892069033
338 1.11330129963866
339 0.847031912415349
340 0.805395762191473
341 1.09263436131039
342 1.03848156559214
343 1.03228791967632
344 1.11626143073674
345 1.1003670642336
346 1.4526381958065
347 1.45110239935173
348 1.20373121993668
349 1.10203657313593
350 1.68775216073014
351 1.15648932362841
352 1.11415484236036
353 1.31144804853023
354 1.11492706076771
355 1.1136926592751
356 1.17586979009239
357 0.854016759466419
358 1.68168092425553
359 1.1172425118668
360 1.10442577589616
361 1.20677142181876
362 1.2289986981101
363 1.10939984567442
364 1.10084537396083
365 1.11670885643569
366 1.10497341936888
367 1.45342238575797
368 1.20028062563952
369 1.01644702932871
370 0.791206122942346
371 0.640561930624141
372 0.774046399108441
373 0.488793868346347
374 0.514897118444617
375 0.645289873522708
376 1.03638422311185
377 1.29278309560641
378 1.33590550962752
379 1.15541552285347
380 0.89879436973692
381 0.83115485322397
382 1.23835620956941
383 1.47584308195755
384 0.824269203726515
385 0.786247454518163
386 0.698867913545095
387 0.838993534196667
388 0.822461661707306
389 0.688992518597973
390 1.03115530541811
391 1.1111787474843
392 1.68776272773885
393 1.5886666649155
394 1.31766149485214
395 1.68727673847179
396 1.11446773684201
397 1.01230026215554
398 0.976253674444059
399 1.11460758974229
400 1.68156273979776
401 0.903885514871731
402 1.10143512539468
403 0.919298403306536
404 1.29242870606338
405 1.68800480288747
406 1.12982180610189
407 1.09110639686828
408 1.17159970804471
409 1.22630596926735
410 1.07330762367123
411 0.96770557933528
412 1.11367807576862
413 1.68866887919477
414 1.72349597027531
415 1.10487715743027
416 1.68808691012088
417 1.11125225697411
418 0.860757718808876
419 1.10412962654817
420 1.11437128939869
421 1.68097493136002
422 1.14151670915111
423 1.41968089021458
424 1.09458686591694
425 1.39336441130664
426 1.68735245197008
427 1.03395329917973
428 1.06203442140465
429 1.18306294204759
430 1.14606704515456
431 1.07558518041015
432 1.31617182855547
433 1.60165043187234
434 1.11051506239829
435 1.10943094296551
436 0.98475335870264
437 1.09068459773916
438 1.71539253480924
439 1.13800581015696
440 1.21464286015383
441 1.03061438354197
442 1.03743420823868
443 1.08084923010042
444 1.22900141676052
445 1.17656038012749
446 1.10985730500427
447 1.31700285692587
448 1.59424195970116
449 0.812130145466417
450 1.15314900732773
451 0.97739584085692
452 1.20494582029077
453 0.879992847842098
454 1.07730098288593
455 1.17591203567403
456 1.07441281622812
457 1.10193663181619
458 1.17753107209503
459 1.17231133954179
460 0.748732680213928
461 1.09764211668143
462 0.880440000672208
463 1.25609594980512
464 0.769650988298338
465 1.09492395937747
466 0.939553053090788
467 0.795223485604321
468 0.988766319618495
469 0.542822461648733
470 0.729438681892833
471 0.715679043865138
472 0.940709461032985
473 0.530875315048081
474 0.630354161657173
475 0.924347454820946
476 0.985466867613218
477 0.929523982788802
478 0.521692485428173
479 0.511073272485706
480 1.25180061322629
481 0.70810462875847
482 0.841003304302633
483 0.476528577166415
484 1.13409708058048
485 1.11136664643158
486 0.828205006136362
487 0.561641113395216
488 1.20403985294093
489 1.10651646946048
490 0.880299957921674
491 1.25932821753427
492 1.10703227362231
493 1.59387216852783
494 1.11302909146863
495 1.05599966285147
496 1.47935592668565
497 1.05904043267173
498 0.858151646242434
499 1.1475044615381
500 1.0755608029517
