"POS" "KL"
1 1.45597038667658
2 1.11390754152992
3 1.09909198995485
4 1.20285788589675
5 1.09839428989126
6 1.26496825746931
7 1.034926542645
8 1.08665072018154
9 0.901452320324753
10 1.06597201738338
11 0.920058008811646
12 0.709393926773961
13 1.10843594732266
14 1.46390663820383
15 0.450549375879249
16 1.711091022957
17 1.11106202005959
18 0.933966416414034
19 1.27955305259776
20 1.09539894200712
21 1.10887848166259
22 1.20575729688561
23 1.17008072885167
24 1.09956758335683
25 1.09264895714548
26 0.923127452142675
27 1.1105149348784
28 0.614300079693942
29 1.8099796716678
30 0.675300762512904
31 0.905833476137715
32 1.10144529000696
33 1.68020583554096
34 0.871793616689631
35 1.2227983466296
36 1.72436068528188
37 1.10069068608567
38 1.25464893455112
39 1.20825424204065
40 1.11576347067141
41 1.09606993371002
42 1.04497594510271
43 1.16769861427602
44 1.58430558472773
45 1.08288749170851
46 0.838330952792497
47 1.27477473855202
48 1.14135509095214
49 0.924506009475259
50 1.10281873617349
51 1.09926020093207
52 1.10447419016517
53 1.15124124962623
54 0.742345224706308
55 0.872503464534151
56 1.11449919320566
57 1.68121467290505
58 0.670723689923207
59 1.02082807416611
60 1.17295202015042
61 0.785904904688065
62 0.338415191238122
63 1.13147909620211
64 1.05495622069141
65 1.03775546733686
66 1.01099833133847
67 0.740115901075265
68 0.991268953081289
69 0.723625531119234
70 1.2319000896906
71 1.10958495920982
72 0.96739863230206
73 1.07596565333195
74 1.0742566470604
75 0.930474815374497
76 0.804130346449779
77 1.26855990853892
78 1.09168886056564
79 1.35448071695711
80 1.31691182062949
81 1.08503207056379
82 1.05099199297522
83 1.00321114310194
84 0.99727281923029
85 1.08707806072455
86 1.5674187326086
87 1.64483025253927
88 1.28750316025368
89 1.66506233006212
90 0.579882228379459
91 0.559776542679249
92 1.18776730331966
93 0.76093625234964
94 1.0797742401669
95 0.693281226305747
96 1.47362641166862
97 1.24323319588154
98 1.08294970521578
99 1.09710312741695
100 1.10435117302516
101 1.07900111218773
102 1.22302051944048
103 1.00187692395715
104 0.997226846774676
105 1.06705712566613
106 1.06681067596131
107 0.770937917958884
108 1.0954684055236
109 1.00442790353297
110 1.00676910181406
111 0.915447591694233
112 0.783139582755086
113 0.753401104576169
114 0.920421383577555
115 0.69803673271087
116 1.05893190425298
117 1.01485685307641
118 0.877406346501543
119 0.692153183665536
120 0.86783752947395
121 0.830174873542239
122 0.682072933062724
123 0.913330457730871
124 0.786300191143828
125 0.76385887889988
126 0.747773585077547
127 0.651453715394507
128 1.12903084137241
129 1.2618060465433
130 1.07368513928904
131 1.31585655461657
132 1.73181660738401
133 1.17762594023173
134 1.24838992656275
135 1.28204635211039
136 1.13290309515222
137 1.31042300810482
138 0.606063549722847
139 1.15433044940601
140 1.1156712779149
141 1.13547729049767
142 1.40297887520278
143 1.13349614346543
144 1.6143411782309
145 1.13352779377234
146 0.658731616244784
147 0.804345008999132
148 1.19325221224605
149 1.16139790291314
150 1.23129795514925
151 1.24519252716792
152 1.11048015258103
153 1.31495183309916
154 1.09963564545661
155 1.72417432384063
156 1.31023625659977
157 1.11671828572196
158 1.28662157493179
159 0.9993599544676
160 1.11522955196148
161 1.09540426353497
162 1.0781653833675
163 0.875940438526081
164 1.60007443736896
165 1.08526432608498
166 1.17902341273309
167 1.11636273088377
168 1.22777266046618
169 1.28557811307434
170 1.17767614456554
171 1.45385407893361
172 1.59770666610251
173 0.917807085099926
174 1.10386847376353
175 1.10993478994331
176 1.19487806807159
177 1.09342894351674
178 1.11300686333517
179 1.08324193064866
180 1.21614769054756
181 1.17498685888344
182 1.01130447441075
183 1.48933362421697
184 1.08273983579658
185 1.31858971996339
186 1.00059860375569
187 1.45167738708378
188 1.1022083824527
189 1.31785749401119
190 0.975693983483652
191 1.27618371641768
192 1.11598285442044
193 1.10926583984608
194 1.68162173360013
195 1.15651038757795
196 1.09634346118098
197 1.10396328680245
198 1.45072633272963
199 1.15265632211809
200 1.3569848377601
201 1.10663623849718
202 1.11428260437393
203 0.984763149708573
204 1.20871444978225
205 1.28924427703757
206 1.3172649781121
207 1.07155845845053
208 1.11667839059274
209 1.1011492475418
210 1.08042106104546
211 1.04834303627848
212 1.72524781897735
213 1.48753273338065
214 1.2328615325101
215 0.75952760357329
216 1.68166641065534
217 1.17838837866409
218 1.11113861919473
219 1.29034175982895
220 1.09864772015266
221 1.11453311865475
222 1.17668186432518
223 0.816580351623042
224 0.853958784218486
225 1.15412009114302
226 1.0992680885652
227 1.14638532543377
228 1.11444697027062
229 1.23352428606754
230 1.03509405603013
231 1.178767737706
232 1.21971026151954
233 1.11440998876059
234 1.26061634546783
235 1.48808938678375
236 1.28742648336545
237 1.1038324648825
238 1.11522310737301
239 1.21482156400339
240 1.24280685256104
241 1.26753148196221
242 1.04860157417314
243 0.948502744543833
244 1.1197068081185
245 1.10984916363284
246 1.15719396671737
247 1.17089509944463
248 0.628389798831086
249 1.72446813147655
250 1.40501367949219
251 1.24486556405267
252 0.736146845247163
253 1.29859237054047
254 1.17280245865336
255 1.08368979323673
256 1.07767803706534
257 1.17291309673238
258 1.30099368592938
259 1.11493328142788
260 0.969639776632377
261 1.2789448268038
262 1.81164577060787
263 1.09647090939414
264 1.15975759195445
265 1.72568941505393
266 1.28084783016994
267 1.24030496393395
268 0.993531413736814
269 1.11515393209503
270 1.11023526581551
271 1.30767637471218
272 1.11603285102442
273 1.26405347072148
274 1.31190336829816
275 1.21113911315027
276 1.45342946153396
277 1.81174512803619
278 1.24027014661785
279 1.17837797422872
280 0.915869527234123
281 1.21744585067685
282 1.29047773374039
283 1.1112233957709
284 1.4768034199928
285 1.27436079384385
286 0.881643604946566
287 1.15782742563807
288 1.11417484283897
289 1.17874083488149
290 1.11647540808463
291 1.11756081084511
292 1.1375619489153
293 1.59990840450374
294 1.23174645947194
295 1.47702961022591
296 1.81177936007746
297 1.30812759421455
298 1.48664553621246
299 1.23439587052093
300 1.59880391751913
301 1.42262759166988
302 1.07072845701864
303 1.09037924062167
304 1.10841244168043
305 1.23452407762083
306 1.10267725975793
307 1.11596881966625
308 1.15618523239226
309 1.02035368113739
310 0.955062678716842
311 1.13424818192528
312 0.970470491198609
313 1.30800037722701
314 1.11668165076478
315 1.13375189524904
316 1.7251970069157
317 1.45391669092197
318 1.2454891370842
319 0.958988879372444
320 1.23679892052227
321 1.11025190756425
322 1.10260613981324
323 1.21817476178993
324 1.15664617580181
325 1.31938242399372
326 1.01704999374896
327 1.31621980844463
328 1.17855706348877
329 1.48681388613872
330 1.68733644700259
331 1.05595707820923
332 0.928579617632519
333 1.28429689751555
334 1.11055204775617
335 0.874080196339266
336 1.00844476113072
337 1.10077888482009
338 1.11319265380588
339 0.847294942246877
340 0.805658661660355
341 1.09290846987045
342 1.03862044950616
343 1.03268141054052
344 1.11625247493251
345 1.10028118980152
346 1.45276832758398
347 1.45103889566127
348 1.20384726330471
349 1.10204854698102
350 1.68755479942134
351 1.1564145658401
352 1.1140488956296
353 1.31141765752388
354 1.11491095980959
355 1.11357975753428
356 1.1760880517672
357 0.853921297951237
358 1.68176522133157
359 1.11723243969192
360 1.10443081007478
361 1.20654259482436
362 1.22887645876889
363 1.10962328611089
364 1.10078958662239
365 1.11648954210653
366 1.10496532787295
367 1.45351214717505
368 1.20084585795479
369 1.01645006856184
370 0.766069343871022
371 0.655078072969738
372 0.780298211348588
373 0.573741118904316
374 0.519492565806693
375 0.631565522802479
376 1.03080029456698
377 1.29499594149582
378 1.33563616086193
379 1.15488780233507
380 0.897889021920481
381 0.831273361482183
382 1.23837501612757
383 1.47524947486371
384 0.82448947173669
385 0.786424085533597
386 0.70101421619496
387 0.839951576325109
388 0.867682598648969
389 0.603012155522708
390 0.982748322839722
391 1.11118699739547
392 1.68775798962661
393 1.58811916960464
394 1.31752390728662
395 1.68730302761482
396 1.11433970866194
397 1.01195636221891
398 0.97599420869952
399 1.11440983087819
400 1.6815708749113
401 0.904160190886335
402 1.10133576620991
403 0.918925400055675
404 1.29221374253955
405 1.68779274116134
406 1.12964077776363
407 1.0911181765358
408 1.17163550942281
409 1.22607941049639
410 1.07314134254806
411 0.967613503743258
412 1.11333316795446
413 1.68860506225134
414 1.72319679459272
415 1.10477253705375
416 1.68779907781947
417 1.11115134297272
418 0.860719500541524
419 1.10408173204255
420 1.11416722267018
421 1.6810423955813
422 1.14123095614263
423 1.41956620966457
424 1.09448444169852
425 1.39345516341334
426 1.68715264677201
427 1.03400844417785
428 1.06185633054211
429 1.18297595603744
430 1.14615361619018
431 1.07560761139923
432 1.31603263032075
433 1.60086745226494
434 1.11043810126787
435 1.10913184509438
436 0.984459209834137
437 1.09071129384607
438 1.71522335152384
439 1.13820999071075
440 1.21452473525358
441 1.03229965719817
442 1.03729434723736
443 1.08094002633043
444 1.22920912575764
445 1.17699005479459
446 1.10983399462767
447 1.31698603948342
448 1.59348528176474
449 0.812295666245071
450 1.15322179777992
451 0.977536121683207
452 1.20479392112553
453 0.880563560188742
454 1.07742903290434
455 1.17643546150137
456 1.07456610930356
457 1.1021748699057
458 1.17821837378379
459 1.17273797937381
460 0.748580655777151
461 1.09716214911522
462 0.889099045040467
463 1.26838137697088
464 0.772787344057714
465 1.20913798955062
466 0.872892568218234
467 0.968440394178919
468 0.906413099613184
469 0.561657751791216
470 0.691947105048997
471 0.694309131781202
472 1.05868792943372
473 0.487681730089192
474 0.665229579423651
475 0.854123078222276
476 0.961851798000185
477 0.874766287720289
478 0.501755387230803
479 0.49985551276
480 1.23053208351384
481 0.692555639878783
482 0.825488653494516
483 0.471355042345183
484 1.14697572449407
485 1.11141588962253
486 0.827256198395736
487 0.559389601747567
488 1.20362514617258
489 1.10308001257612
490 0.880905178680635
491 1.259276452216
492 1.10298736489448
493 1.58868947222659
494 1.10813238178871
495 1.05333272405235
496 1.47523062703717
497 1.05909913039419
498 0.85423777391592
499 1.14367752003206
500 1.07355405191909
