"POS" "KL"
1 1.61438994801252
2 1.07591633825217
3 0.856777636003919
4 1.17255388993785
5 1.31589356383063
6 1.30722826341495
7 1.22249727223857
8 0.69805644273772
9 0.8778786710405
10 0.56149709535254
11 0.510370818625006
12 0.923273196948596
13 1.45957463554866
14 0.731881240451706
15 0.500632916523479
16 1.07659582556288
17 1.17435558556668
18 0.901823680801624
19 1.10190398494924
20 1.26230224320515
21 0.908527853083778
22 0.91216927339295
23 0.904293945272757
24 0.310530438467355
25 0.967025094322756
26 0.748047911887057
27 0.786867837933632
28 0.596300796783727
29 0.889431309945703
30 1.1073857837778
31 1.10120264787429
32 0.562567077011066
33 1.05776605971921
34 1.20074480166381
35 1.06445543315406
36 1.01147296804278
37 0.871064929271936
38 1.31223630257813
39 0.97626480411089
40 1.24525847633385
41 1.07039924499843
42 0.692098577801079
43 0.820955888571784
44 1.0966872668655
45 1.0646744005662
46 1.13718953142357
47 0.948491491479635
48 1.37041359005513
49 1.00249986013865
50 1.12538663356744
51 1.41920693126548
52 1.13645145407187
53 0.723269563881666
54 0.52894940779239
55 1.06383807298103
56 1.35322466297757
57 0.824544233625099
58 0.807539465277108
59 1.41248416808013
60 0.93319147902425
61 1.41387245035368
62 0.96014654593487
63 0.77028802111945
64 1.09799227555239
65 1.3670185651189
66 0.874387052378216
67 0.910191797867655
68 0.655271998633131
69 0.708843087580765
70 0.863421492183585
71 1.21766931822641
72 1.0768727901317
73 1.387125560859
74 1.13272383273805
75 1.20762582569123
76 1.00245507302772
77 1.13285364521757
78 1.40407816460373
79 1.19712721680274
80 1.13445791346517
81 0.997779965486597
82 1.19740962160807
83 1.13528215476649
84 1.59596293101516
85 1.34018665354164
86 1.21541051852823
87 1.17260814882621
88 0.730066170033938
89 1.1393591139009
90 0.70054629561185
91 1.24186473054526
92 1.01934321673783
93 1.16341189329833
94 1.11265084202552
95 1.37492662144353
96 1.06371160141822
97 1.1398035528433
98 0.98703427338129
99 1.16253321082947
100 1.07843085127345
101 1.07901495767717
102 1.07566329344996
103 0.791940269486904
104 1.07041349807353
105 1.01858653573354
106 1.32581855220321
107 1.13174346122186
108 1.30884367857685
109 0.909514862679052
110 0.891318732972376
111 1.20319078190743
112 1.23012766867949
113 0.876132933711641
114 1.6271201493133
115 1.06718243486639
116 1.25488551864082
117 1.0633510796953
118 1.46268848117311
119 1.08603639217933
120 1.41871526738744
121 1.18079411004506
122 1.38333250718389
123 1.40769592668303
124 1.07799224827082
125 1.14608304172874
126 1.3591207358347
127 1.13363775651749
128 1.26233792585458
129 1.46252586884793
130 1.26157033202475
131 1.36408160996259
132 1.47533645399045
133 1.38424822250408
134 1.06638007681912
135 1.07626280292142
136 1.13511588495746
137 1.07817782514009
138 0.884905985150856
139 1.20566000760619
140 1.148866958158
141 1.13573655917572
142 1.05110576294885
143 1.26671873571447
144 1.33237431470702
145 1.07569846938326
146 1.4634812563914
147 1.68093033684208
148 1.24926108837624
149 1.21251244791282
150 1.07554514000014
151 1.19161620134621
152 1.13444397404551
153 1.03915547596951
154 0.812947388028039
155 0.956459003338465
156 0.415545365312884
157 0.64096284722467
158 1.07223292312018
159 1.00991251275595
160 0.788284931504927
161 0.81438587429926
162 1.12182695807003
163 0.567308951828118
164 0.928207343438496
165 1.00259464848054
166 1.2056729579854
167 1.18477017478916
168 1.16104769081676
169 1.07669603794944
170 1.0743385378678
171 1.44133797514068
172 1.12318923167488
173 1.07028225130581
174 1.00711931562508
175 0.968607054029008
176 1.39448759562901
177 1.07587078641609
178 1.26207258811841
179 0.82745136314081
180 1.23250380566341
181 0.530610297068438
182 0.734924914507249
183 0.753376595656654
184 1.00015038873514
185 1.14105932604793
186 1.07618992365786
187 0.545551377388791
188 1.46189252333919
189 0.817191719358446
190 1.37655758646136
191 1.23173549497948
192 1.24464688780092
193 0.489483684320331
194 1.07439621937634
195 1.1165693111683
196 0.806247851845798
197 0.794051146031124
198 1.46154143660575
199 0.667972851075179
200 1.14569276465567
201 1.04273884812904
202 0.942998194779257
203 0.678662068777455
204 1.36873033071652
205 1.13259109643935
206 0.950395736495017
207 1.15855898127199
208 1.34168079118016
209 1.190800278623
210 1.04607579586006
211 1.71303490569267
