"POS" "KL"
1 1.6102634137831
2 1.0761500380344
3 0.856826736273072
4 1.17012714631563
5 1.31208372049969
6 1.30441059216126
7 1.22018883941187
8 0.73973607587725
9 0.886872899528203
10 0.585641619264665
11 0.504374732290864
12 0.943935242048495
13 1.45469196596301
14 0.737171442118675
15 0.505830017670435
16 1.07236517553994
17 1.17550689863702
18 0.904224652655267
19 1.1022216757006
20 1.25599131991916
21 0.89792365729434
22 0.952548973256923
23 0.935197910753679
24 0.55574045962848
25 0.975701722704992
26 1.08855200037739
27 1.10277335030841
28 0.583486868473343
29 1.05453086697551
30 1.19738342455731
31 1.06249987808565
32 1.02098780704834
33 0.874349901438648
34 1.3079075930054
35 0.97719413529001
36 1.24500978494703
37 1.06496995962316
38 0.693547532131322
39 0.818881158368801
40 1.09255554897177
41 1.06348855608438
42 1.14575352575176
43 0.94385209029103
44 1.37123857134649
45 0.998801841831512
46 1.12249769725289
47 1.4163529642008
48 1.16680494613067
49 0.70748271743382
50 0.48796363354028
51 1.03731326977572
52 1.33481721170598
53 0.812831377353921
54 0.813188288157263
55 1.43304423255878
56 0.94032291393833
57 1.41206868339394
58 0.955348785542259
59 0.774168020392641
60 1.10504772176409
61 1.36778375686663
62 0.949446180558028
63 0.801666097525921
64 0.846339129106862
65 0.880075069631412
66 1.21366593068981
67 1.07695877639829
68 1.38278786994033
69 1.13827394566475
70 1.20485475187352
71 1.00323616986529
72 1.13863689244002
73 1.40552240368003
74 1.19438459437562
75 1.14033109839367
76 0.994033618204401
77 1.19861840830712
78 1.14115718669144
79 1.59203775329906
80 1.3414861951126
81 1.21160594770739
82 1.17001102031855
83 0.733954618963885
84 1.14823763299867
85 0.696888812697989
86 1.24197622307557
87 1.01516464874317
88 1.16085763838624
89 1.10869467902246
90 1.37074618600489
91 1.06000187293478
92 1.13759844159544
93 0.990231983580946
94 1.1601123174225
95 1.0790684966677
96 1.07971742767235
97 1.07177521992391
98 0.794331482391387
99 1.07108087161895
100 1.01472329313527
101 1.32294930298145
102 1.12783883979024
103 1.30601074580227
104 0.909679412979713
105 0.89000920328173
106 1.20424772999558
107 1.2313062905092
108 0.877510745146159
109 1.62420400809947
110 1.06345128695158
111 1.25518041792953
112 1.05966355264017
113 1.45886735639816
114 1.08322361837218
115 1.41481740477403
116 1.17722436188176
117 1.38490515718434
118 1.4092276377637
119 1.07866523976396
120 1.14207377658642
121 1.35525692114693
122 1.13950534563902
123 1.26253537822209
124 1.45839052426808
125 1.26279525978824
126 1.3615702006308
127 1.47137168367557
128 1.38577227346279
129 1.07202060873647
130 1.07677418138028
131 1.14105449935523
132 1.07888038219476
133 0.883328595288558
134 1.20681398792833
135 1.14496590425505
136 1.14160452258944
137 1.04736019324337
138 1.26749412575779
139 1.32833910126365
140 1.07621795898879
141 1.45943086019345
142 1.6772366540934
143 1.24540125511368
144 1.20984310518018
145 1.07121448300961
146 1.18922099179863
147 1.14114898034205
148 1.0367866438441
149 0.814794540020214
150 0.963938707051383
151 0.411334652013475
152 0.645996461600039
153 1.0637219440966
154 1.00742799783825
155 0.780464535556836
156 0.807899388295724
157 1.11638195665547
158 0.567828989019328
159 0.934151450221449
160 1.00556094063495
161 1.20285609458701
162 1.18525386578348
163 1.15867641063451
164 1.07295721698736
165 1.06959681097613
166 1.43765027270971
167 1.12922494633952
168 1.06697245105536
169 1.00410173430317
170 0.968057225536789
171 1.39071843599133
172 1.07641436637685
173 1.25862713027842
174 0.828439843356782
175 1.24454302684921
176 0.531447042586593
177 0.736560423712427
178 0.753706465125826
179 1.00347240918617
180 1.13844256597704
181 1.0720862524015
182 0.544049313044214
183 1.45780213831804
184 0.815750530557818
185 1.37275702685574
186 1.23163213356894
187 1.24198627906723
188 0.489379919980005
189 1.07062529683811
190 1.1254078508535
191 0.804365563787658
192 0.792985311277009
193 1.45784243762764
194 0.664586782052626
195 1.15431924182711
196 1.04378787109477
197 0.94554388832435
198 0.675309529211925
199 1.36524517071146
200 1.13839047020413
201 0.953703679560186
202 1.15532551174972
203 1.33710875166189
204 1.19110214080048
205 1.04833144055308
206 1.71296696079838
