"POS" "KL"
1 1.61125628159247
2 1.07336789172528
3 0.854579713970379
4 1.1707822459337
5 1.31310278872056
6 1.30479175556399
7 1.22087220582495
8 0.747247202392929
9 0.885035437341934
10 0.577658133294589
11 0.507525466501297
12 0.941749914027652
13 1.45601980357104
14 0.737506843243203
15 0.505009157920944
16 1.07433777326011
17 1.17655849522263
18 0.902091474591199
19 1.10308210633908
20 1.25790830611818
21 0.898585116376964
22 0.953032538239557
23 0.936048806682808
24 0.554244642141529
25 0.976739368452234
26 1.08914069233706
27 1.10333618452685
28 0.581707299965347
29 1.05174387914167
30 1.19838438827967
31 1.05964596589055
32 1.02170579941973
33 0.875085189598136
34 1.30843124560916
35 0.977487877232058
36 1.24320382612242
37 1.06599292506867
38 0.69153646298279
39 0.819417844099357
40 1.0941849627936
41 1.06106176930945
42 1.14666069297398
43 0.944370108091642
44 1.37168749764144
45 0.998879115177017
46 1.12186809612776
47 1.41229824389781
48 1.11085891842088
49 0.72052000338415
50 0.529763925434081
51 1.06318973947955
52 1.35105082321469
53 0.828004751326453
54 0.817274601778957
55 1.41844306150237
56 0.940851119673188
57 1.41017585752876
58 0.957113507610488
59 0.770915262057751
60 1.10701144368486
61 1.365192719771
62 0.90654939071453
63 0.821474605781204
64 0.528902694628229
65 0.732314803494409
66 0.864647431816139
67 1.21562127048601
68 1.07429521207779
69 1.3840533623115
70 1.13953042129642
71 1.206044918519
72 1.0042370811757
73 1.1397988651352
74 1.40360110646114
75 1.1954711141008
76 1.14133561879108
77 0.995062850780056
78 1.19956564560196
79 1.14223089568868
80 1.59311761563095
81 1.3423689681188
82 1.21266784648919
83 1.17066187414811
84 0.732628964940012
85 1.14895545920224
86 0.69795600500794
87 1.24027422317209
88 1.01633503695035
89 1.16107854531131
90 1.11000614738216
91 1.37175937279746
92 1.06096763318955
93 1.13825736292101
94 0.987980526918949
95 1.16076161691985
96 1.07627792604425
97 1.07686153101366
98 1.07279444065719
99 0.7921733843674
100 1.06824540614479
101 1.01582157427391
102 1.32408960820099
103 1.12881231261732
104 1.30636554965067
105 0.909113433132565
106 0.890228776778079
107 1.20536116778837
108 1.22962410352195
109 0.875580796557829
110 1.62522105645504
111 1.06447381061026
112 1.25338588612442
113 1.06067161592157
114 1.45988879579594
115 1.08426510600768
116 1.41585391205768
117 1.17806390155581
118 1.38565947046944
119 1.40715564295593
120 1.07575320723143
121 1.14301689640356
122 1.35627699665967
123 1.14051663595498
124 1.2607459900111
125 1.45941459412858
126 1.26099486771156
127 1.36197672607107
128 1.47239573036804
129 1.38659192482382
130 1.07308355473329
131 1.07400600112132
132 1.1420651769057
133 1.07602583979272
134 0.884226957892639
135 1.20785270859078
136 1.14606454839205
137 1.14268493834533
138 1.04838007802082
139 1.26839594291526
140 1.32939782275776
141 1.07344683789561
142 1.46060746538478
143 1.67825049790309
144 1.24642369410589
145 1.21049785266502
146 1.07224472784179
147 1.19001289261688
148 1.14207664973929
149 1.03787542073493
150 0.813103109878025
151 0.964096121122149
152 0.40918922022491
153 0.641206062286778
154 1.05396314437664
155 1.0121328539322
156 0.783027433169131
157 0.824848501889535
158 1.12872623754831
159 0.566929541476134
160 0.935098089950838
161 1.00326011650369
162 1.20681249411391
163 1.18250967533882
164 1.15847697022608
165 1.07393687111245
166 1.07158067970103
167 1.43876151014367
168 1.13004480708755
169 1.06817950127276
170 1.00479159750635
171 0.967531861494601
172 1.39103117048812
173 1.07310077190947
174 1.25963460221444
175 0.825734185838692
176 1.24464826090981
177 0.531166836839009
178 0.734280162629095
179 0.753925873341579
180 1.00083274077428
181 1.13953138313712
182 1.07333026171686
183 0.544384754477257
184 1.45873166093541
185 0.81605282926721
186 1.37363443012347
187 1.22986430532754
188 1.24236416640001
189 0.489819055772295
190 1.07170151952254
191 1.12594142868335
192 0.805241290380995
193 0.793969308256578
194 1.45903275472104
195 0.666176581430329
196 1.15553367744657
197 1.04454732380093
198 0.943833492221476
199 0.676278459500899
200 1.36628383420733
201 1.13941422789538
202 0.951336799504033
203 1.15627491341126
204 1.33814485487506
205 1.19176226039993
206 1.04716716981353
207 1.71387359158396
