"POS" "KL"
1 1.61391263158245
2 1.07485755949639
3 0.855882195683388
4 1.17215575337194
5 1.31441495181394
6 1.30691550502773
7 1.22177077006924
8 0.708920305312562
9 0.873033187163387
10 0.53989281176095
11 0.519737169662911
12 0.893647369940352
13 1.45929301146698
14 0.731782823828064
15 0.501473415412341
16 1.07625872604297
17 1.17351152982669
18 0.902936501471109
19 1.10077999313502
20 1.26113160656972
21 0.893927389456484
22 0.951797455120791
23 0.928180588391443
24 0.431888295999415
25 0.969468206297663
26 0.829270983749841
27 0.869972642634501
28 0.612745656294301
29 0.336174023318707
30 0.615834776826552
31 0.84963431715034
32 1.12243440901511
33 0.580408521507525
34 1.07040462664144
35 1.2023872708993
36 1.06240374000475
37 1.01203196185429
38 0.869439494327572
39 1.30990719411459
40 0.975404561955282
41 1.24700131402859
42 1.06977760243391
43 0.692862257192391
44 0.820600942676123
45 1.09612540990438
46 1.06317490073723
47 1.13654555656452
48 0.947412761574472
49 1.36792918879965
50 0.999608344208632
51 1.12473256540733
52 1.41841068302724
53 1.13761571443773
54 0.721747939735246
55 0.528665413963819
56 1.04985222597342
57 1.35366437822825
58 0.822481043009238
59 0.812063813354967
60 1.41690342347186
61 0.93621765553449
62 1.41592075233981
63 0.961636432872406
64 0.773099269111245
65 1.10536678813558
66 1.33243409815584
67 0.872667082885185
68 0.93592623543371
69 0.656657137415979
70 0.709820358127399
71 0.864843834564228
72 1.21678350030478
73 1.07571175435356
74 1.38686769191198
75 1.13260726176668
76 1.20706716379608
77 1.00158849498692
78 1.132721803307
79 1.40364551277121
80 1.19659199278385
81 1.13435110319498
82 0.997532322448557
83 1.19651078455039
84 1.1351168912781
85 1.59564469669764
86 1.34041939576514
87 1.21519326158233
88 1.17239969829165
89 0.729938590937711
90 1.14000422249201
91 0.700245942213833
92 1.2436268411315
93 1.01917276581295
94 1.16305325123685
95 1.11239986668307
96 1.37477992229824
97 1.06363695768466
98 1.13955971336429
99 0.988486649186813
100 1.16240522572742
101 1.07757093006518
102 1.07807319577321
103 1.07548758591835
104 0.793299208736124
105 1.06958317593753
106 1.01839413995352
107 1.32548613425288
108 1.13156689363324
109 1.30852179185985
110 0.909170827263974
111 0.891044396231354
112 1.20225629348563
113 1.22975642396799
114 0.877840620510635
115 1.62698104073978
116 1.06712577034752
117 1.25670186689416
118 1.06327942995625
119 1.4625259753039
120 1.08528562408825
121 1.41849735072004
122 1.18008608904956
123 1.38346467629799
124 1.40729912997763
125 1.07691531418538
126 1.14558656282014
127 1.35892579093474
128 1.13361693182163
129 1.26407114090654
130 1.46215070825305
131 1.26127139509463
132 1.3641221624354
133 1.47504075918649
134 1.38461912973993
135 1.06621522837312
136 1.07540257301303
137 1.13501319554374
138 1.07731728252024
139 0.88475775106001
140 1.20478176991672
141 1.1486696913134
142 1.13563393995269
143 1.0509148382957
144 1.26700891943768
145 1.3322204373955
146 1.07489169168407
147 1.46320170366013
148 1.6807641695153
149 1.24892815524467
150 1.21229290105628
151 1.07594824910224
152 1.19194382625063
153 1.1350404456263
154 1.03896747436535
155 0.815684225663567
156 0.955807494110472
157 0.417383104300917
158 0.642762689613641
159 1.07654254746858
160 1.00857144765579
161 0.782768728151794
162 0.812040356113683
163 1.12016816045615
164 0.567931392966324
165 0.925603378203922
166 1.00359690159503
167 1.20493710977874
168 1.18377145102154
169 1.16129058892589
170 1.07637251674221
171 1.07406806715238
172 1.43940442158189
173 1.12278536024658
174 1.0692892280452
175 1.00682420775653
176 0.967156329376047
177 1.38904605777019
178 1.07085040791182
179 1.25628459997431
180 0.823162090487741
181 1.24632482235675
182 0.527486721093943
183 0.736553760648918
184 0.752651019570202
185 1.0016163009871
186 1.14049271076681
187 1.07590210804334
188 0.54529618789766
189 1.46151234640684
190 0.816934490921921
191 1.37630207395534
192 1.23349449085147
193 1.24436873905958
194 0.488961359266741
195 1.07423792681682
196 1.11719603535408
197 0.805807302138472
198 0.793606328158816
199 1.46139301491312
200 0.667563138927004
201 1.14664631743268
202 1.04186988151336
203 0.944356880790327
204 0.67872362551799
205 1.3686913594541
206 1.13260471497211
207 0.951805213927236
208 1.15879612907896
209 1.34083590154281
210 1.19124049088158
211 1.04754518476376
212 1.71317517266767
