"POS" "KL"
1 1.61042706428732
2 1.07652680952897
3 0.85649186072755
4 1.17018594108707
5 1.3116571428831
6 1.30497455348873
7 1.21958016419123
8 0.697570361524225
9 0.887943982301571
10 0.54701938337049
11 0.523572506054088
12 0.901763559950203
13 1.45457002932753
14 0.733556597230563
15 0.504582663861443
16 1.07268283934141
17 1.1784960502114
18 0.902723000217184
19 1.10537916698804
20 1.25267743599658
21 0.867490007826837
22 0.894558711184748
23 0.909216481668659
24 0.558422977546192
25 0.974005470857498
26 1.10248383576149
27 1.10870727416057
28 0.571283139114931
29 1.05558085788453
30 1.19891508134716
31 1.06308916150387
32 1.01961166918756
33 0.873697434753924
34 1.30842542612163
35 0.978708056541147
36 1.24433245852727
37 1.06491181746127
38 0.692757250135865
39 0.819406805352229
40 1.09336373100277
41 1.06386856344506
42 1.14379378906385
43 0.942668772206681
44 1.37408217194107
45 0.999302236879293
46 1.12333338206051
47 1.42030249435036
48 1.32822254315533
49 0.722236004314056
50 0.433209142976442
51 1.07181759550128
52 1.34897589320421
53 0.830477441312708
54 0.811744083489672
55 1.40963233547265
56 0.938238368953934
57 1.40980682386139
58 0.95491413593701
59 0.774105450216794
60 1.10308927678044
61 1.36612016882185
62 0.949209742883252
63 0.802072944077881
64 0.846103007389956
65 0.879884981390439
66 1.21365655428331
67 1.07697364898194
68 1.38288722643043
69 1.13797333574993
70 1.20476724899493
71 1.00595557090274
72 1.13831529204006
73 1.40382386153334
74 1.19429592073861
75 1.13993771409449
76 0.994061034665364
77 1.20156640510166
78 1.14077051901025
79 1.59209623283315
80 1.34490197390296
81 1.21161515083315
82 1.17014317366088
83 0.733044205530176
84 1.14589183428121
85 0.696895748347556
86 1.2413342559367
87 1.0153052651762
88 1.16098873674344
89 1.10880631222086
90 1.37083360798506
91 1.06002814838503
92 1.13787572524047
93 0.990174792976743
94 1.16026406175763
95 1.07906729705129
96 1.07965105993547
97 1.07183573624391
98 0.794073436888679
99 1.07103158222483
100 1.01479825790505
101 1.32308373747576
102 1.12773758257843
103 1.30611547117615
104 0.909145203281708
105 0.890228584522586
106 1.20736189827609
107 1.22982625808021
108 0.877151896338516
109 1.62420653975873
110 1.06353833566207
111 1.25452515581117
112 1.05965116584536
113 1.45887694278688
114 1.08321890731795
115 1.41481706625604
116 1.17725230905038
117 1.38824845614925
118 1.40736669951878
119 1.07855229147244
120 1.14200023339109
121 1.35528444277564
122 1.13916500952717
123 1.26189833596054
124 1.45853240312358
125 1.26116694814158
126 1.36160985979083
127 1.47137295321437
128 1.38917263914219
129 1.07172015685977
130 1.07679427587752
131 1.14066760902012
132 1.07881515526281
133 0.884211365653584
134 1.20985439532525
135 1.1450511258223
136 1.1412869297574
137 1.04738416216487
138 1.2705257424159
139 1.32831785113033
140 1.07621646230766
141 1.45945470305191
142 1.67715603482159
143 1.24539144479082
144 1.21002868579322
145 1.07082739320794
146 1.1883393662797
147 1.14005749102168
148 1.03649285357
149 0.814353188378661
150 0.960857747597804
151 0.416114721739541
152 0.640596353557873
153 1.05090287751608
154 1.01281133594546
155 0.785596634818965
156 0.816489382497201
157 1.13009256706011
158 0.562887931606565
159 0.938647690192335
160 1.00575994485534
161 1.20642076005665
162 1.18202757301608
163 1.15705289146527
164 1.07316468614079
165 1.07067958764767
166 1.43588841655518
167 1.12852966959753
168 1.06697095195768
169 1.00432272625921
170 0.96645394656132
171 1.39047077963304
172 1.07626972102205
173 1.25753988043018
174 0.826859457563775
175 1.24420794056644
176 0.52839107594286
177 0.735894005496253
178 0.755440244464166
179 1.0031364142346
180 1.13869868887987
181 1.07235108297496
182 0.544318618667104
183 1.45784534014942
184 0.81617691847016
185 1.37277848246624
186 1.2311933310421
187 1.24216937317078
188 0.490312130088241
189 1.07070384152218
190 1.12313666852719
191 0.805345153317732
192 0.794412902133209
193 1.4579397292951
194 0.665344164295987
195 1.15258200864188
196 1.04654696970302
197 0.946014034438787
198 0.675857044921195
199 1.36530942512088
200 1.13819357329845
201 0.953484003015769
202 1.15516615783002
203 1.33706260417756
204 1.19130826982791
205 1.0477545598779
206 1.71284915401108
