"POS" "KL"
1 1.61027743372505
2 1.07618467080569
3 0.856792671762363
4 1.17027501415526
5 1.31217775211857
6 1.30451608543233
7 1.22080608063102
8 0.730873646350133
9 0.880212786392367
10 0.57397922802423
11 0.51487493873316
12 0.944546269391503
13 1.45504878976837
14 0.737161306757035
15 0.505417629149034
16 1.07253969654319
17 1.1758006128135
18 0.904571272659938
19 1.10235815541793
20 1.25566937102889
21 0.898122135554508
22 0.95447010502972
23 0.924158318504123
24 0.558868383495976
25 0.975444493813065
26 1.10121093775974
27 1.10706312650108
28 0.570515379070093
29 1.05558564657036
30 1.1969455070232
31 1.06140898674606
32 1.01776439154132
33 0.872023843404461
34 1.30823007284551
35 0.977517119840951
36 1.24420129685761
37 1.06481384711754
38 0.693300886101561
39 0.818965504304058
40 1.09267951356682
41 1.06405853734255
42 1.14372610494619
43 0.94332576368227
44 1.3746150536776
45 1.00044912415272
46 1.12290010540821
47 1.4162203004656
48 1.13957500028471
49 0.728988609743752
50 0.531909094544767
51 1.0618288004748
52 1.35085702078759
53 0.829787439979664
54 0.811882930919562
55 1.41208233307045
56 0.939310089549474
57 1.41201076846814
58 0.955194563154396
59 0.775301703283755
60 1.10265510484366
61 1.36706902385583
62 0.949886486298058
63 0.803088119896877
64 0.846633332914226
65 0.880390571587356
66 1.2135419768502
67 1.07706054916829
68 1.38275465489221
69 1.13835360451937
70 1.20479681214778
71 1.00357082946434
72 1.13872369269992
73 1.4054455986024
74 1.19427465042574
75 1.14050885848745
76 0.994060069493943
77 1.19891182380786
78 1.14128163438521
79 1.59220038824257
80 1.34466534073711
81 1.21167618762727
82 1.17006106068693
83 0.732969214502904
84 1.14582030016138
85 0.696928649667596
86 1.24141151079358
87 1.01531632872295
88 1.16107212734843
89 1.10880964757329
90 1.37083529720104
91 1.06010288213897
92 1.13768552892544
93 0.99080355585521
94 1.16021160820976
95 1.07910319816882
96 1.07952708632417
97 1.07168221987855
98 0.794454530046947
99 1.07097668116998
100 1.01479088076106
101 1.32288536095115
102 1.12774122923824
103 1.30615817994783
104 0.909809742291686
105 0.890021963756309
106 1.20470095768972
107 1.23126179588013
108 0.877370304681692
109 1.62397473278799
110 1.0634462142534
111 1.25451687856482
112 1.05964546409134
113 1.45886745830516
114 1.08322727497223
115 1.4148135726078
116 1.17728743570434
117 1.38809744368909
118 1.40901500982646
119 1.07852554738647
120 1.14193063258291
121 1.35522499148669
122 1.13961835625438
123 1.26195448665595
124 1.45837505268786
125 1.26266459658056
126 1.3616362868765
127 1.47136835274867
128 1.38902175240311
129 1.07222212797857
130 1.07682877399345
131 1.14117885971068
132 1.0788500167665
133 0.884056923413652
134 1.20719077673243
135 1.14504143944268
136 1.14179814980772
137 1.04735222744707
138 1.27039391562439
139 1.32838496540077
140 1.0762706310442
141 1.45958627186989
142 1.67720091048422
143 1.24539230465163
144 1.21005244650081
145 1.07056182859198
146 1.18816677134184
147 1.14034819020631
148 1.03628952121565
149 0.813718648416707
150 0.963557757269869
151 0.416900183049879
152 0.643744306536859
153 1.05524225805361
154 1.01513929231839
155 0.786358870451711
156 0.81890302983198
157 1.12551297042463
158 0.566392111050752
159 0.939623794393262
160 1.00626124594683
161 1.20672703531603
162 1.18168711024544
163 1.15675792467298
164 1.07315149072501
165 1.07055994837492
166 1.43580318293076
167 1.12903868916941
168 1.06633328019782
169 1.00408549103847
170 0.96737598943397
171 1.39050412710451
172 1.07629596637969
173 1.25902030630971
174 0.824036972368471
175 1.22637596706569
176 0.533623998252183
177 0.737552127108525
178 0.758812507783026
179 1.00389645616469
180 1.13864271153957
181 1.07220526016803
182 0.544157892275287
183 1.45773541339558
184 0.815841291009992
185 1.37261095160989
186 1.23115014419457
187 1.24216352369575
188 0.489279409461059
189 1.07063368959646
190 1.1231795742524
191 0.804383809104759
192 0.793345908632517
193 1.4579973930043
194 0.665180715514825
195 1.15261272468467
196 1.04423461486776
197 0.946568132741686
198 0.676052859425745
199 1.36531291631242
200 1.13871785945782
201 0.953980101575111
202 1.15450140387541
203 1.33763586659777
204 1.18823059302364
205 1.04473563817443
206 1.70899283165574
