"POS" "KL"
1 1.15808713503104
2 1.11012510272721
3 1.39130471862971
4 1.10202750391244
5 1.10016611752976
6 0.871550641250432
7 1.15345834996633
8 1.1142253219511
9 1.15925643002608
10 1.15600557558291
11 0.793502961582265
12 1.05822759409977
13 0.966242817976113
14 1.15162714818393
15 1.21323174374204
16 1.898622560169
17 1.28468323486991
18 1.22990048367943
19 1.15049353792861
20 0.872308934737914
21 1.10988873396173
22 0.946986294543268
23 1.21252568201788
24 1.45371828616903
25 1.15327343511796
26 1.05952365784708
27 1.13638590519849
28 0.977300330949181
29 1.06667728831177
30 0.959714523059091
31 1.10472424872514
32 0.860686455491414
33 1.3095246395322
34 1.06181268842479
35 0.704946632529984
36 0.864779898641879
37 1.11940183171316
38 2.312828886773
39 0.533282404206467
40 1.00326854410975
41 1.73910374143193
42 1.08049427314444
43 0.783138522140729
44 1.03203795505628
45 1.22545161360139
46 0.96504517351077
47 1.11785577282717
48 1.11422302771327
49 0.892119597698147
50 1.08709224223627
51 1.22995775999709
52 1.16422521313293
53 1.04806639318879
54 1.48608772879319
55 1.16329700556246
56 1.41666616103176
57 1.48626010298277
58 1.17808242478361
59 1.16555467797519
60 0.896581476079359
61 1.56300873232371
62 1.28927643378863
63 1.12363811002034
64 0.939286106699721
65 0.952822401901143
66 0.968441735297692
67 1.19100812975059
68 1.29952809218634
69 1.08334691659691
70 0.905052327852462
71 1.47102568475199
72 1.46629800081029
73 0.970124646446759
74 1.01596643024533
75 1.13498172011875
76 1.3032304216543
77 1.54997893136368
78 1.46850128818577
79 1.07964828674035
80 1.07098907429025
81 1.48653311277207
82 0.96087360678537
83 1.32357020865665
84 1.18009195644276
85 1.21457284697083
86 1.28736558920973
87 1.56085533854141
88 1.45022719716225
89 1.08289217791024
90 1.12447547177857
91 1.21432143392875
92 1.07175890631257
93 1.22958939853495
94 1.11365410308222
95 1.16596835872024
96 1.77832389731126
97 1.16561177782041
98 1.21261969200124
99 1.23019293024636
100 1.04874496124772
101 0.886819207195709
102 0.869670987480011
103 0.855613515084853
104 0.922263724195136
105 1.41106056868401
106 1.11704889711789
107 1.16863263594615
108 1.14343292229125
109 1.06714935353834
110 1.3041976479538
111 1.15850959858907
112 1.22923471597048
113 1.30371619343777
114 1.32458366435516
115 1.40340225129753
116 1.55199239176588
117 1.41758122174877
118 1.07534041745737
119 1.16496783950778
120 1.07238865564534
121 1.13464876515678
122 0.687122401658207
123 0.726105811829691
124 1.56379737298487
125 1.46685140774588
126 0.966978472311945
127 1.41644962398596
128 1.18008267435069
129 1.32443591030767
130 1.56354349854484
131 1.18018053056202
132 1.11673291704967
133 1.16514413394003
134 1.41385379337124
135 0.670456554554105
136 1.48758319257572
137 1.48584518513419
138 1.01199454094122
139 1.12799398511152
140 1.16224465341543
141 1.23041756814269
142 0.971876713597715
143 1.46937512857873
144 1.41350253881377
145 1.19225346733293
146 1.41674520547173
147 1.48543825044788
148 1.17764584401332
149 1.07156535469901
150 1.16551583671941
151 1.2014337377567
152 1.23049404616281
153 1.47086054932767
154 0.970171290234078
155 1.23087823473218
156 1.41835004418211
157 1.16428385718966
158 1.26800648024812
159 1.11275918054416
160 1.5642873581253
161 1.21464102104243
162 1.18704036781348
163 1.39775790136622
164 1.91561993397238
165 1.09101406362977
166 0.889458279464012
167 1.1211354412152
168 1.0718019903056
169 0.959950658090142
170 1.15823455846622
171 1.54141514679359
172 1.44841193803829
173 0.4579212666008
174 0.777742606116037
175 1.45988934991411
176 1.14605710174629
177 0.861574437964506
178 0.921373712673238
179 0.943934164214256
180 1.11166162168009
181 1.3732933093026
182 1.21461578663279
183 1.41739391572208
184 1.67765740974878
185 1.30492227104621
186 1.30423026001576
187 1.07136256618107
188 1.39038970010229
189 1.15001589081187
190 1.155142792124
191 1.41767283737433
192 1.29698913835305
193 1.0695118800733
194 1.04964360761757
195 1.07694384369539
196 1.01235051482164
197 1.12691583060393
198 1.77948552960307
199 1.46646147638524
200 0.720059050573611
201 0.957529184442144
202 0.993265421759388
203 0.997147648357921
204 0.97474077551391
205 1.07059092107141
206 1.46712401958943
207 0.564231974575523
208 1.74233456172118
209 1.07186182751853
210 0.975844998737416
211 0.646336078363586
212 1.46906457968866
213 1.23017116576138
214 1.30683583884862
215 1.01157785699655
216 1.18009269180005
217 1.16550263201525
218 1.27495734209948
219 0.858570513614925
220 0.970381260497316
221 1.7460865311941
222 1.21385372533999
223 0.946094289759308
224 1.06767007326069
225 1.15206506960094
226 1.16559380267072
227 1.54649849338432
228 1.01612379006536
229 1.47023815048397
230 1.90024955925971
231 1.2299870276806
232 1.41505633601326
233 1.08268691264816
234 1.06935943275127
235 1.77812557829959
236 1.16341691278336
237 1.28850430800543
238 0.877779571320227
239 1.47092849530949
240 1.17656534531191
241 1.16720649492171
242 1.20828690251221
243 1.09018001153186
244 1.0914744680096
245 0.454614185389017
246 1.06945638402224
247 1.15780272802
248 0.844169587352369
249 0.902073590833758
250 1.07952756158926
251 1.30116575673082
252 1.46693799089536
253 1.17221395807704
254 1.16483988045897
255 1.48098940574171
256 1.29100004284323
257 1.08718354513586
258 1.2096570986841
259 0.962715397578536
260 1.06096237602999
261 1.14959374137489
262 1.2222434846686
263 0.966150847857892
264 1.06372289142079
265 1.48263351337614
266 1.4659966590472
267 1.31959484109819
268 1.41030064770154
269 1.207755779546
270 1.11681760862151
271 1.39876102458839
272 0.829188022335126
273 1.22084821945053
274 1.09921061940484
275 0.878467651900664
276 1.06051063278299
277 0.850527437909677
278 1.09295805354956
279 1.04699996237827
280 2.31265185645022
281 0.869980785080394
282 1.04742011124382
283 0.972194959373958
284 1.39880751622853
285 1.22911086408008
286 0.897807479305725
287 0.954687707283204
288 1.17057370004736
289 1.06699463282732
290 1.16897418751185
291 0.870881020424172
292 0.845808608692576
293 0.902430952267459
294 0.919082160171061
295 1.04913751078401
296 1.14553220720303
297 0.666692682163797
298 1.0609822904753
299 1.31244373470055
300 1.06755782023665
301 1.03683369830155
302 1.06854352784953
303 1.05898971508906
304 1.26755044332045
305 1.07662779825686
306 1.47376069604458
307 1.4457021836496
308 1.07083313091967
309 1.08426508479545
310 1.04221096559313
311 0.854429904640645
312 0.806496685418219
313 1.09439093837724
314 1.15189581674733
315 1.7470133497843
316 1.21888223017243
317 0.99848452753669
318 1.39945818819183
319 1.40705965902873
320 1.28390695078184
321 1.14402267213315
322 1.21509874992672
323 0.958026460472884
324 1.12770370272684
325 1.05033054056929
326 0.888239596508519
327 1.28753050644193
328 1.04664419349517
329 0.789999661689669
330 1.19838988235931
331 0.962181694375345
332 1.20034806096319
333 1.12652708443595
334 0.672281464893742
335 0.896032780650264
336 1.19846936998907
337 1.45655273013047
338 1.10335025927913
339 1.37437685077165
340 1.19700668473845
341 1.08774289033738
342 1.37541297468061
343 1.20036051622297
344 1.03215963083453
345 1.03070891534351
346 1.35275189486982
347 0.933786706930419
348 1.39431519914372
349 1.05603236181779
350 0.929550859621575
351 1.16137091647862
352 1.21789814904025
353 0.947616377835774
354 1.39634906013413
355 1.27312043783077
356 0.946141016977074
357 0.919627923522336
358 1.23694546964694
359 0.768948665016139
360 1.1347147400047
361 1.76580629980153
362 1.15711852000295
363 1.45543203844516
364 1.27002049184766
365 1.0837415647731
366 0.825449716779199
367 1.16464482625822
368 1.04059412774181
369 0.993569148928619
370 0.965274889029027
371 1.0194866026021
372 1.1346646300274
373 1.16262023066347
374 0.943355784117695
375 0.925227402215721
376 0.910108635046188
377 0.739191515910611
378 1.07014367306239
379 1.26837679386176
380 1.0932590000944
381 1.09123924383867
382 1.08710484222784
383 1.46134419623876
384 1.22342618427943
385 0.919097920232853
386 0.878470251012872
387 1.15121162951611
388 0.90568068447568
389 1.54850592901015
390 1.00495319554883
391 1.05490684089334
392 1.14658582604803
393 1.0968551938449
394 1.10507856197429
395 0.88377403223181
396 1.02716348934495
397 1.14162488120224
398 1.45867786729484
399 0.930625148339054
400 0.794161962323064
401 1.46334044449156
402 1.46363766924685
403 0.928945240516858
404 0.842470012635337
405 1.3389065959877
406 1.40395101983165
407 1.19138012164184
408 1.27090633198163
409 1.12280159176931
410 1.40777821647648
411 1.09532977046252
412 1.1479753961005
413 0.982273401617699
414 1.43961394755418
415 1.05268349475563
416 1.51135475547024
417 1.0483456321922
418 1.44156131084007
419 1.13461932019076
420 1.15559318291361
421 1.11517063259651
422 1.0270799891729
423 1.13624075820646
424 0.929946568461012
425 1.03369331228323
426 1.43640125884315
427 1.37652049039514
428 1.15658327809252
429 1.04447567490795
430 1.04743392990327
431 0.84405938886077
432 0.870888087628958
433 1.10696417283584
434 1.06290466710676
435 0.551501588068471
436 1.15979943699681
437 1.10487199018628
438 1.03218543850959
439 1.13557378777696
440 1.47848331961478
441 1.38541945278724
442 1.13850055109019
443 1.28093003444278
444 1.17700188766219
445 1.28829798708896
446 1.18772496445495
447 1.26267598508934
448 1.34705461448355
449 0.936856980790665
450 1.09834016968667
451 0.888377343674565
452 0.579972846049566
453 1.16547584439152
454 0.881598214255349
455 1.30554389369832
456 1.18875469135091
457 1.35482652441286
458 1.06585352644385
459 1.11932542175355
460 1.090928512868
461 1.08296624991819
462 1.17339929235758
463 1.3427261011682
464 1.04651555386144
465 0.897826403692822
466 0.893490024165863
467 0.930589272040711
468 0.89969933290077
469 0.899333621473997
470 0.877039069667683
471 0.838122240658014
472 1.13304144339216
473 1.12361567332954
474 1.42723078015324
475 1.18893495208081
476 0.880709068096326
477 1.01112814717973
478 1.06186087832636
479 1.05512585617389
480 1.02082108037878
481 1.26676444991564
482 1.05298533734659
483 0.847691387900277
484 0.933717313036819
485 1.26377915163442
486 1.01232252856305
487 1.16221292775321
488 1.25110178615237
489 1.34421401604234
490 1.14497597743935
491 0.735860772703645
492 0.980572243905837
493 1.11252976117181
494 1.43477228350697
495 1.0353376925555
496 1.10502605538283
497 1.10901491815038
498 1.26664387744979
499 1.36289460246172
500 1.15088321822485
501 1.36161834297468
502 1.21325296133436
503 0.987411789372141
504 1.21376954075426
505 1.07313688779941
506 1.04961215219248
507 1.12141139019974
508 1.22250329616493
509 1.1028314486327
510 1.15062429853261
511 1.2733573484741
512 0.719689842527486
513 1.37293607968925
514 0.969712702871946
515 1.32531241404212
516 0.980745779889077
517 0.754867038517586
518 1.140643298721
519 1.07459946718687
520 1.0737101904919
521 1.0825769837503
522 1.06228471730831
523 1.02521899297877
524 0.810129978097986
525 1.03174711180472
526 1.08297369697405
527 0.595702374645501
528 0.927847319440458
529 0.909579462583274
530 0.834174599220074
531 0.995587311881093
532 1.38067885522426
533 1.01016639408166
534 0.975857757174086
535 1.41350741742032
536 1.13522155503832
537 1.1292559551218
538 1.26957522942836
539 1.71055050998806
540 0.933680319890332
541 1.1957251846478
542 1.0654028792487
543 1.17656311467664
544 1.20213738765915
545 1.42933316440886
546 1.02641649676807
547 1.08425680086943
548 1.03665755250495
549 1.27239336929531
550 0.93420019115217
551 1.04080554128885
552 1.14344237182768
553 1.37242124522154
554 0.752983293473853
555 1.19691157820957
556 1.04512870864099
557 1.42495647700299
558 0.851206114965735
559 1.05697445658203
560 1.03428573662671
561 1.51674937083834
562 1.03271253454945
563 1.26442486903277
564 1.19523734742308
565 1.08238306500945
566 1.15128614393388
