"POS" "KL"
1 1.60193079750716
2 1.28945500097066
3 1.47105661988018
4 0.993521398762529
5 1.37754447453662
6 1.34842745530496
7 1.02778119792069
8 1.15120116268214
9 1.17699302589393
10 1.1770742881711
11 1.37642515454883
12 1.33959516507585
13 1.15289467295341
14 1.39903342606417
15 1.05508765159115
16 1.56235238493882
17 0.877536102019858
18 1.20295475518813
19 0.824131549880935
20 1.15402818417544
21 1.37744894655972
22 0.92398850793706
23 1.18323199163732
24 1.02119984637069
25 1.16214582356478
26 1.13262065912358
27 1.03407160272466
28 1.15053690029027
29 1.3283743517325
30 1.15226590744401
31 0.69194106496075
32 1.18746157680329
33 0.752759289994093
34 0.855236695114244
35 1.21636076167667
36 0.517191956934073
37 0.69377222539651
38 1.37610902138169
39 0.934402370289394
40 1.35800981017281
41 0.887804531313021
42 1.1428215473965
43 1.14980542768662
44 1.25549731563149
45 1.19697293924388
46 1.01980495931444
47 0.527387477466766
48 0.998016149125786
49 1.30834568944918
50 0.805589141644535
51 0.77818607266968
52 1.14596619336885
53 1.18148379921148
54 1.32934709472629
55 1.13108896342586
56 1.08363917822024
57 1.20536104986529
58 1.30314786457978
59 0.941880676506625
60 1.07443917396479
61 1.00184335862868
62 1.18745577957458
63 0.594694473232196
64 1.02242820676419
65 1.00235276295561
66 0.94441848455316
67 0.623550802325699
68 1.32179373908445
69 1.35595832841169
70 1.37692340537545
71 1.18527223540416
72 1.09504844316174
73 0.870339827514275
74 1.1484489812452
75 1.20010880764374
76 1.35243546974003
77 0.845494725902354
78 1.00167869554935
79 1.37121721834016
80 1.02935938102374
81 1.07542975972488
82 1.20077437072289
83 0.88530145673588
84 1.19995583217493
85 1.10907019909437
86 1.18479475690231
87 1.14840094850478
88 1.33988077369048
89 1.37719407657863
90 0.973205455421962
91 0.565777166941666
92 0.623929641840211
93 0.655949716259603
94 1.35480565790352
95 0.847685341428237
96 1.32285748637104
97 1.34582819692392
98 0.924165384804669
99 1.26895578932772
100 1.31034003461645
101 0.733301673391499
102 0.969561409147967
103 1.31956235687644
104 1.40069750570945
105 1.02140404818875
106 1.08084375988524
107 1.2127307889636
108 1.15167885537619
109 0.757328309663836
110 0.849155679009195
111 1.31525009124297
112 1.84108459556618
113 1.2900476994635
114 1.94988175932476
115 1.84112640558278
116 0.887285937326671
117 1.03493119051985
118 1.14138905712901
119 1.33167225337842
120 1.1834130054017
121 1.04522202135842
122 0.582950639987808
123 1.2834325439597
124 1.04059375088053
125 1.00227253268485
126 1.17615766059359
127 0.606925068677617
128 0.641741893338814
129 1.12173638199845
130 0.621398599904444
131 1.01363049910089
132 0.745724433819792
133 1.94878104263036
134 0.978644731171278
135 1.31668698361382
136 1.03777985689044
137 1.09383759419412
138 1.20001757357292
139 1.15009444461532
140 1.21591975560338
141 0.992953871902276
142 1.16555561194647
143 1.16968548258899
144 1.15725299529696
145 1.09592911872068
146 1.33257522813399
147 1.32620378353736
148 1.08365523729691
149 1.33101382579619
150 1.09297599226797
151 0.761564352391541
152 1.28180410274525
153 1.05998657834355
154 0.782299470385274
155 0.687098187547445
156 1.17377381273937
157 0.856644270397084
158 0.746505134123838
159 0.5673924659965
160 0.938626077055032
161 1.29794427044211
162 1.30525801737973
163 1.0918796332597
164 1.30733911811803
165 1.19350022942159
166 1.07579096867851
167 0.461690228033285
168 1.09742718390671
169 1.09551804640578
170 0.921558340114264
171 1.35105753970805
172 1.39884640193941
173 0.967720286258051
174 1.37781896091245
175 1.47210009042657
176 0.833828770168811
177 1.22982855448533
178 1.20112750583081
179 0.87796937069739
180 1.08420024028972
181 0.72671746876671
182 1.05686126944161
183 0.762421853639844
184 0.927155695169248
185 1.00741971594254
186 0.981937589078508
187 0.929176075455365
188 1.10523818563903
189 1.34606544737449
190 1.25959214340923
191 1.19780342405543
192 1.05378890096189
