"POS" "KL"
1 1.85057635643674
2 0.993371990879213
3 0.947463454408173
4 0.989159269901603
5 1.26477449797795
6 0.888927500894338
7 1.54974437726898
8 1.00006685364984
9 1.05201969600662
10 1.22811623313515
11 1.00756755454361
12 0.93655504766068
13 0.925285439561431
14 1.25651443216359
15 1.13520539694388
16 1.37688419509862
17 0.858148648777198
18 1.49867963714322
19 1.07188133069451
20 0.976392643275177
21 0.956064697648525
22 0.872205770072001
23 1.00441770855731
24 0.986033563701537
25 0.925979655359133
26 0.994169295417978
27 1.95162457833219
28 0.628309612376512
29 0.990075235476696
30 1.29007397651321
31 1.45045601820499
32 0.913917731206497
33 1.29966875670736
34 1.49302530211229
35 1.25688430455403
36 0.842009772434546
37 0.670036604609874
38 1.49767113433988
39 1.0062828766263
40 1.13342630905004
41 0.774776194041277
42 0.95222638643875
43 1.06045797029272
44 1.05687430079627
45 1.0191201741359
46 1.06026695324867
47 1.44528203611685
48 0.73020696889237
49 1.28877801593031
50 1.43657045801372
51 1.0519265000931
52 1.63715797825249
53 1.3856272528594
54 1.48370485967485
55 0.707482277595996
56 1.06379834287431
57 1.55206969302091
58 0.832501421239674
59 1.18409304872585
60 0.857970415120406
61 0.874398055290021
62 0.89932656023893
63 0.797319339335458
64 1.00554568555152
65 1.07467141241491
66 1.05145397672425
67 0.95508794505673
68 0.967073395703466
69 1.48301799835826
70 0.893479170201371
71 1.29897925264221
72 1.41259316840942
73 0.940301374633113
74 1.04473842713874
75 1.04849455264224
76 1.97656494726174
77 0.693729676034961
78 1.29645260415469
79 1.44847105107459
80 0.93791106050378
81 1.0900230323985
82 1.06471944286087
83 1.04062437047807
84 0.489645666815242
85 0.588151760835055
86 0.615424773254242
87 0.870672819595515
88 0.907877627653374
89 0.758580614366239
90 0.932297279153748
91 1.4636628239569
92 1.05711344676787
93 0.976391409247004
94 1.00371690092954
95 0.9355425175016
96 1.33810523745036
