"POS" "KL"
1 1.16452447157544
2 0.483434750086534
3 0.515472702193252
4 0.536846757707936
5 0.267576532641016
6 0.426974720348621
7 0.290985619076704
8 0.737221377981637
9 0.823210983778013
10 1.3677429377608
11 0.629072533455464
12 0.536965805428505
13 0.687857775286357
14 0.622584270497449
15 0.595331090584858
16 0.870253795424871
17 0.886685819176624
18 0.588087358389286
19 0.785521993252924
20 0.825292658014504
21 0.458038107480803
22 0.750393252929039
23 0.535608077552548
24 0.988286621486212
25 0.806396543078978
26 0.705871729366331
27 0.99326794561854
28 1.6756141106162
29 1.06420048750678
30 0.785218897723433
31 0.820618341287374
32 0.800484718408556
33 0.665565749608704
34 0.96137822824682
35 1.44713030405303
36 0.895744679572991
37 1.20013559684761
38 0.515354038269582
39 0.588637004381438
40 0.852621878217609
41 1.49331337646159
42 0.855394455503319
43 1.17399866638879
44 0.813559876574322
45 1.01694775378379
46 0.772702458391648
47 0.814708590475428
48 0.602617233431313
49 0.602936176639155
50 1.01388633087877
51 0.827890486139016
52 0.628542242211772
53 0.901776533746485
54 1.0352033266826
55 0.964485654854792
56 0.988694401687687
57 1.11445615874043
58 1.30831476073885
59 1.25840439227103
60 1.70619878186722
61 0.936599388845349
62 1.30894867445404
63 0.74734814924114
64 1.24273467519282
65 1.08062782049175
66 0.884127029830926
67 0.832017678521522
68 0.920640359603395
69 0.92226222058601
70 0.923621392115592
71 0.763867937159353
72 0.80871641813622
73 0.766792530405649
74 0.712428238320247
75 1.19314273119723
76 1.16370875033217
77 1.43660808578513
78 0.62919853576801
79 0.506605650550192
80 0.805358855637717
81 0.624735635436363
82 1.03809407558494
83 0.287408126180614
