"POS" "KL"
1 1.88987907741902
2 1.0933038414392
3 1.05921054436508
4 0.990987415178551
5 1.08249649951472
6 0.95596757505948
7 1.15790269562422
8 1.05940614769102
9 1.08367757629519
10 1.16998656196993
11 1.14396190192505
12 1.41796226283848
13 0.947070281605363
14 0.988531558949019
15 1.02670560066439
16 0.938258694820034
17 1.22884375082726
18 1.35812656423712
19 1.18432056589655
20 0.917315683558537
21 1.57657612414647
22 1.19543579107863
23 1.14115060560404
24 1.32107769180703
25 1.5738347228227
26 1.23056073060223
27 1.12185831891506
28 1.12259652853338
29 1.08444903519281
30 1.18513104285836
31 1.35594958470665
32 1.18426547993774
33 1.18284212171128
34 1.35744684424528
35 1.18640656629772
36 1.15574783677956
37 1.08469083365793
38 1.20134033836043
39 1.13131840532515
40 1.12092518434824
41 1.18465057192285
42 1.18331205028567
43 1.18551686345578
44 1.18613772234728
45 1.57179804647962
46 1.08406158226624
47 1.1683323994892
48 1.10478182876942
49 1.03735752320627
50 1.08534463881818
51 1.20292086430524
52 1.21750671271705
53 0.913056084770369
54 1.57091406255049
55 1.11127402656888
56 1.12899561981745
57 1.13963272334866
58 1.08560636078843
59 1.57764281381045
60 0.933921612533917
61 1.08496144039836
62 1.24146598693312
63 1.13897191008076
64 0.974758740433712
65 1.20766096634549
66 1.4581705803199
67 1.08537392170364
68 1.38519950230506
69 1.08580936808594
70 1.13852452647804
71 0.952991264020352
72 1.57712398698476
73 0.926556797600851
74 1.02145361993476
75 1.23213875394839
76 1.14025664918775
77 1.74659407091087
78 1.18789611504665
79 1.08544466381067
80 1.14092126686351
81 1.12194165456376
82 1.45838038635229
83 1.19910928520722
84 1.57717191529736
85 1.18314227466076
86 0.863944421779773
87 1.07769342369503
88 0.883736351712094
89 0.973796647075652
90 1.00525981643458
91 0.882484791744454
92 1.08135570412439
93 1.74742059334065
94 1.08290115087744
95 1.3222022696329
96 1.20022713452117
97 1.15556972053024
98 1.19661696026024
99 1.04087368694857
100 0.949639145061909
101 0.811722959613036
102 0.956442734129893
103 1.11930949643791
104 1.11914646435702
105 1.13812854586035
106 1.17563273531818
107 1.57764281381045
108 1.32299349708677
109 1.45893366535326
110 1.14050251153238
111 1.12842936415272
112 1.46716822340431
113 1.00996041195191
114 1.03650305590513
115 1.32171888739273
116 1.20312584750672
117 1.20405681582776
118 1.08556729185025
119 1.48706092697483
120 1.20163133071918
121 1.56272482833633
122 1.08452404608135
123 1.08195396128347
124 1.08390930168249
125 1.17984886985579
126 1.08402397579533
127 1.08129206497711
128 1.4634967992631
129 1.19282329674048
130 1.48441219839006
131 1.46401181492251
132 1.20479134911023
133 1.18098318494246
134 1.46736640341885
135 1.4543857044556
136 1.13501921593569
137 0.965056658211179
138 1.05352048800444
139 1.08361589917574
140 1.74744067198643
141 1.45616159506889
142 1.06819429735012
143 1.5718982122295
144 1.11988213170482
145 0.850185881554991
146 0.915147658915601
147 1.14090124121197
148 1.16637923760068
149 0.996139507133061
150 1.20154544172241
151 1.02777046566521
152 1.57764281381045
153 1.20369499009276
154 1.53758197603956
155 1.00278204959418
156 1.13435835337269
157 0.97261412677744
158 0.918260116170253
159 1.00139639544084
160 1.4686739743801
161 1.32236281004795
162 1.01150101535868
163 1.12040727339313
164 1.08574534298988
165 0.992699447958408
166 1.74744546125317
167 1.08475279902994
168 0.994563813284454
169 0.924075664836721
170 1.13111595584055
171 0.929057176718939
172 0.922449034614945
173 0.904319564103286
174 1.32271341621025
175 1.45673734669409
176 0.94392015871504
177 1.07954870438365
178 0.921435691758491
179 0.952464226832137
180 1.07981650223185
181 1.32115568295548
182 0.971363539078619
183 1.12210928843062
184 1.12704770068031
185 1.13737778771809
186 0.958657488711108
187 1.13383077559374
188 1.19465229310473
189 1.17135488223194
190 1.08649537915855
191 1.18289782022479
192 1.0811853516079
193 1.74744075592238
194 1.14007757349546
195 1.01407804604812
196 1.57389246282775
197 1.56630188402553
198 1.45369900601645
199 0.951439564440494
200 0.96775181873808
201 0.692959535106554
202 0.946321941023891
203 1.28896158030688
204 1.56324779526471
205 1.28474425231366
206 0.861551034940471
207 1.05444007737834
208 1.32296845069704
209 1.34743602076141
210 0.920423799664979
211 1.03264516059308
212 1.13313033965638
213 1.10881826678705
214 1.3199386613187
215 1.16538545820301
216 1.22158039860961
217 1.18556038688207
218 0.950996762888261
219 0.912106286530078
220 1.08350450631421
221 1.22601066085552
222 1.32051560008593
223 1.05679303170358
224 1.0086426063854
225 1.05157447606532
226 1.46449817550383
227 0.955942321612766
228 1.45812866160708
229 1.20405538837501
230 1.19646557719162
231 1.20974024546005
232 0.821395264927106
233 1.49312431680691
234 1.45744883524158
235 1.14042388497719
236 1.18129903160686
237 1.48851762999814
238 1.23125721079467
239 1.54422942207876
240 1.18068151294233
241 1.1390134063128
242 1.49259883601011
243 1.60150299117103
244 1.11418797852157
245 1.32196633205341
246 1.31522519694654
247 1.74690105103966
248 1.18212544665101
249 1.08222738174546
250 0.935979050494606
251 1.1842783269937
252 1.45698193655069
253 1.13380145836437
254 1.35528397119474
255 0.961195714383663
256 1.19987028411947
257 0.998156475412983
258 1.46716994248838
259 1.20334989372634
260 1.23042072962954
261 0.982302357818469
262 1.14072855842695
263 1.12307813842224
264 1.08555384855404
265 0.958941891696174
266 1.00141101662441
267 1.45863075629906
268 1.44221994491297
269 1.26316012831047
270 1.23293402415696
271 1.46841890575338
272 1.00869287506582
273 1.56670570928389
274 0.977470413859701
275 1.47981725246124
276 0.892898549606116
277 1.05391281117509
278 1.13010895158637
279 1.07984464656045
280 1.1395731183535
281 1.20099662810488
282 1.19186634232948
283 0.958362052336733
284 1.08189421468367
285 1.13404956118417
286 1.00277653542863
287 1.40237094893311
288 1.07549003481284
289 1.30870340498337
290 1.07737709533585
291 1.57689275229808
292 0.968604162371916
293 1.00586243870768
294 0.986585309171791
295 1.57682130385008
296 1.5645666709963
297 1.18568147204005
298 1.45016618228229
299 0.802967229100272
300 1.14045867872863
301 1.22719740839133
302 1.18988231303876
303 1.12104911013934
304 0.981376637524423
305 1.08226626618381
306 1.08415279024161
307 1.45891263559675
308 1.46572175031261
309 1.51439039612171
310 1.10787909238597
311 1.00758446112002
312 1.57003630151735
313 1.43094874930537
314 1.00989011973022
315 1.18492176199846
316 1.20007270415525
317 1.1409399469418
318 0.95797725890204
319 1.5746886525915
320 1.44838173719637
321 1.14200263995018
322 1.32022499363319
323 1.1858546859699
324 1.00841408559122
325 1.08321111158296
326 1.02139398700435
327 1.13817401507172
328 1.08583492312711
329 1.49023625716712
330 1.02221303842142
331 1.04212101868175
332 1.18447101622601
333 1.14077667321572
334 1.08552349523258
335 1.49210836766269
336 1.12280607603754
337 0.980944124866524
338 1.45817656129213
339 1.08213592172872
340 1.19479698434512
341 1.56409269455559
342 1.07966119794914
343 1.49166415822488
344 1.14115730470436
345 1.08510933573856
346 1.46601065684155
347 1.14023239237569
348 1.23341273178036
349 1.20104003122909
350 1.23245268728299
351 1.14116555948608
352 1.46895639870852
353 1.20211333178275
354 1.20480394013388
355 1.13870788422058
356 1.14118006471606
357 1.74715982283046
358 1.18418717733007
359 1.14116399309922
360 1.88794472433692
361 1.14561066188865
362 1.35656580356744
363 1.14142157221017
364 1.74771604296482
365 1.32211596048196
366 1.14142157221017
367 1.32005086024412
368 1.57175819626618
369 1.57488380100359
370 1.56359689929458
371 1.12180638594078
372 1.18358624516779
373 1.56296785504756
374 1.14142157221017
375 1.08475561869268
376 1.14067517170554
377 1.32132776884727
378 1.23228873986466
379 1.23314649859119
380 1.35945743317681
381 0.967988379942314
382 1.13532757103427
383 1.08542852718389
384 1.18591971182738
385 1.56563759954918
386 1.09325690573659
387 1.23105647137481
388 1.18828545932297
389 1.14096533058543
390 0.717335731759409
391 1.20149400713001
392 1.18383865532313
393 1.1203926385223
394 1.14146582419219
395 1.18245977265369
396 1.12150608304021
397 1.0811607542389
398 1.16769375764161
399 1.19787735513731
400 1.19718992267399
401 1.14101962432968
402 1.88845455981209
403 1.12305776632626
404 1.17603096969211
405 1.56399539110627
406 1.46734419409599
407 1.18424273525445
408 1.22769714052983
409 1.18048261380284
410 1.13609137990001
411 1.14232574669247
412 1.20309967540712
413 1.46709945357063
414 1.10958252363751
415 1.30528326936604
416 1.08526347154154
417 1.19965231533734
418 1.00222777900895
419 1.49172586395608
420 1.12001311013121
421 1.20131159420248
422 1.12070363599667
423 1.08649537915855
424 1.12002176267833
425 1.13956193851691
426 1.14214073163532
427 1.16569923776782
428 1.35921225284163
429 1.35967069134861
430 1.14037363000981
431 1.46684711223295
432 0.964105046669196
433 1.36048292078719
434 1.17289159997732
435 1.74713851181245
436 1.18533834549647
437 1.32271165262129
438 1.12305772076906
439 1.23191452782973
440 1.20384030711115
441 1.08494421045709
442 1.08624435651239
443 1.17968562062658
444 1.08165068590306
445 1.08578780435051
446 1.20399604757325
447 1.12332606572272
448 1.20249991059647
449 1.49076007478056
450 1.18118086710832
451 1.08556319424093
452 1.35322867776359
453 1.15249666396041
454 1.57327253035477
455 1.3544433894201
456 1.08226107488091
457 1.1098002406519
458 1.18354183410339
459 1.1388595405095
460 1.1079933129829
461 1.08572741049977
462 1.32222865908395
463 1.20220506613413
464 1.13716653785459
465 1.17884311836366
466 1.24199293744852
467 0.80220825617265
468 1.56378133953568
469 1.08395021139701
470 1.13172846729645
471 1.11051311358648
472 1.12277786210916
473 1.23289536283392
474 1.13423063258395
475 1.2043469973135
476 1.17316687303915
477 1.14015251982899
478 1.11950585951992
479 1.14074667267974
480 1.57764281381045
481 1.46836437934855
482 1.20366685353483
483 1.4673841114971
484 1.32109366698988
485 1.5742953141414
486 1.14091676536773
487 1.57518813818694
488 1.13285912987863
489 0.985499634503284
490 0.966666347015658
491 1.57679896981457
492 1.88480136864211
493 1.20049077491546
494 1.08149540770439
495 1.17843231298196
496 1.13610929847152
497 1.12145770490247
498 1.13219013003695
499 1.18370648372486
500 1.32324074960017
501 1.35175511612047
502 1.32201718924333
503 1.4575295393495
504 1.13475773323939
505 1.32270386466186
506 1.084000498527
507 1.18286126912653
508 1.20431574207178
509 1.0161498704609
510 1.13846346003777
511 1.08571977704036
512 1.09042287399676
513 1.48653966745826
514 1.1984635880932
515 0.884229613984654
516 1.19818187167274
517 1.34454027695714
518 1.13980389978013
519 1.18149479194593
520 1.13710007631581
521 1.08602524989908
522 1.20170885737425
523 1.08249537174538
524 1.10387819883175
525 1.23279383630008
526 1.00460759550566
527 1.32039383752475
528 1.5601319259441
529 1.20207728026136
530 1.08649537915855
531 1.22926439893858
532 1.20060226673206
533 1.3226962645665
534 1.08448865992672
535 1.18318192272869
536 1.12986080513467
537 1.23210021650447
538 1.08421838101276
539 1.08428562224506
540 1.08411686442503
541 1.18012631927928
542 1.08140472669164
543 0.966090953478417
544 1.18138517894673
545 1.08302472496411
546 1.08574325689733
547 1.14063954080008
548 1.22968824693313
549 1.19688363648028
550 1.08023801241218
551 1.4665404381022
552 1.74650731248492
553 1.88832330555542
554 1.57649095599445
555 1.08000891732204
556 1.11401595664176
557 1.13440849705042
558 1.08212847534703
559 1.08451019151844
560 1.55499300044404
561 1.57555218142346
562 1.48096535362684
563 1.19370770082671
564 1.57460301566785
565 1.20069843584872
