"POS" "KL"
1 1.27245599414277
2 1.14801991381521
3 0.983545643523082
4 0.987630816071082
5 1.08703203961873
6 1.17251693439842
7 1.25849877914403
8 1.17210587139126
9 1.08714700549539
10 1.70397319575181
11 1.25968183397384
12 0.988872557689109
13 1.14746022223571
14 1.3639391795547
15 1.27687260838257
16 1.49924140905836
17 1.14780619876822
18 1.19569835198865
19 1.49733345736654
20 0.988677949383918
21 1.29101432978533
22 0.996311892992755
23 1.17043845975429
24 1.3664427810951
25 0.997408651352367
26 1.2635695074693
27 1.15326625126497
28 0.986246302681136
29 1.17232415463203
30 1.01797629291297
31 1.25897604821494
32 1.55446804108973
33 0.993134045440301
34 1.19596458100597
35 1.28943457404206
36 1.35441844386494
37 1.08364723940382
38 1.61877706387706
39 0.988457723215931
40 1.17226082534466
41 0.98814979354746
42 0.902756104692509
43 1.27030000339339
44 1.1725290834381
45 2.40027921424991
46 0.987918060312188
47 1.29078187903955
48 1.08668692151336
49 1.15397337918282
50 1.4987667253146
51 1.36619843194557
52 0.988872557689109
53 1.14824956200782
54 1.49783073520013
55 0.988872557689109
56 1.08517615256251
57 1.28918030533247
58 1.19627214060586
59 1.36644361329979
60 0.988872557689109
61 1.19650019387707
62 1.55327471152535
63 1.25826594795266
64 1.55413965835298
65 1.08743711227756
66 0.988676421828826
67 1.08802179124027
68 1.26012257499122
69 1.49806606983475
70 1.14759998120278
71 1.17273298709176
72 1.15325587398831
73 1.1962920956678
74 0.988458589047135
75 1.26380180097557
76 1.15438520965688
77 1.15136647105055
78 1.15395860647127
79 1.5528778346128
80 1.02489353342588
81 1.26400440012039
82 1.35520950192692
83 0.995700379261878
84 0.988872557689109
85 1.35628543255872
86 1.19672180902
87 1.357997255845
88 1.19630823161477
89 1.61967850495165
90 1.49924140905836
91 1.3561619457608
92 1.357997255845
93 1.26819602347216
94 1.61791911766938
95 1.13912398894922
96 0.996400691923895
97 1.25921020990603
98 1.16658873226007
99 0.984507418745498
100 1.70399476534176
101 1.10301309534478
102 1.29123637478961
103 0.987874383386444
104 1.29123637478961
105 1.15375791532693
106 1.17254661371942
107 1.36582382853426
108 1.08762735814668
109 1.55465483945707
110 1.62985424702644
111 1.19650032375485
112 0.996997965895219
113 1.29004713113503
114 1.17253260934266
115 1.10362283342413
116 0.960609756285565
117 0.987254873277492
118 1.14532304850185
119 1.70397785372802
120 1.14781967059183
121 0.90584603282483
122 1.19649310059827
123 0.996423342948997
124 0.988660335749952
125 0.996621942348307
126 1.14482338230678
127 1.92244575217562
128 1.27156144040267
129 1.19609476132141
130 0.988289026054799
131 1.36666820349873
132 1.70398138723581
133 1.350556460805
134 1.15290270555573
135 1.27202065134887
136 1.19672180902
137 0.906964195743614
138 1.25990359598459
139 1.0826525151133
140 1.08630450386389
141 1.17254375044239
142 0.836783510983726
143 0.995450784212665
144 1.55330290304002
145 1.19622922351422
146 0.987448234353046
147 1.10820202363959
148 1.92267535118499
149 0.997393234877539
150 1.08530887152719
151 1.92267535118499
152 1.17272866499497
153 1.26333888378204
154 1.36666820349873
155 0.9966246340138
156 1.61943840300725
157 1.14683970089223
158 1.2620942410154
159 1.6323213559885
160 1.0076358210351
161 1.14802307443658
162 1.63060181224213
163 1.15417193340055
164 1.26356945036488
165 1.26631122683404
166 0.860316205969902
167 1.06696628731173
168 1.08590498023783
169 1.08556208319431
170 1.35737916034868
171 1.49924140905836
172 0.987788301366163
173 1.36607423112326
174 1.15199819844841
175 1.63208484219913
176 1.17294711755462
177 1.35779363090522
178 1.15438520965688
179 1.27245599414277
180 1.26012257499122
181 0.985992219027662
182 0.997605849816019
183 1.14802722562331
184 1.08694181941186
185 1.08781156898387
186 0.99740937693608
187 1.28987963320152
188 0.996729223605703
189 1.27047543150297
190 1.172513112482
191 1.25683780807398
192 0.964725681353006
193 0.997390454627143
194 1.19585799718581
195 1.14626088540506
196 1.1446226868236
197 1.17232313543504
198 1.26045515782889
199 0.99625557112397
200 0.992732920548032
201 1.17111849006499
202 0.997605849816019
203 1.26586739763332
204 1.16850233024598
205 1.24978771203576
206 0.99683666800217
207 1.17195279791152
208 0.974579497761007
209 0.906125784043878
210 1.14735602245878
211 1.25602520875231
212 1.271065246697
213 1.25689247988471
214 1.39379425817309
215 0.997390418653508
216 1.27245599414277
217 1.15417192450509
218 0.905927320130599
219 1.36103290978863
220 1.19672180902
221 1.08802179124027
222 1.62919602872102
223 1.49878942414658
224 1.14529128509716
225 1.14824956200782
226 1.1480302336172
227 0.840817704062842
228 1.19672180902
229 0.988262655719002
230 0.918329316590816
231 1.42004876995012
232 1.61768873612235
233 0.988872557689109
234 0.987972179268227
235 1.10662825226952
236 1.35735712146501
237 0.988678953999784
238 1.26400440012039
239 0.991932982746812
240 1.70377889307872
241 1.26380166643902
242 1.28798061038638
243 1.15398367504438
244 1.27141714636129
245 1.19672180902
246 1.25870232969909
247 1.26362667221159
248 1.26713566158873
249 1.26146836818682
250 1.15379789007393
251 1.55487256050838
252 1.28937728465625
