"POS" "KL"
1 1.69145856487659
2 1.08710807441087
3 1.03105134065054
4 1.03799299344465
5 1.30935950849121
6 0.94758001800461
7 1.19678168082184
8 0.947316273524046
9 1.30441839700109
10 1.32060904405165
11 1.12332202649568
12 1.11542761025526
13 0.986288836554076
14 0.907051823562056
15 1.6798602958862
16 0.834276611530351
17 1.51370262316107
18 1.13023161708137
19 1.51753347575429
20 0.992778976775744
21 0.904201408554878
22 1.09045112160625
23 0.978885651419755
24 1.23564326949058
25 1.37325662760743
26 1.03107460414102
27 1.17884152425635
28 0.919692844567663
29 1.4864703687244
30 1.48787581646389
31 1.42125404808235
32 1.0668651599441
33 1.05864830561576
34 1.23791831535084
35 1.0696405729028
36 0.909727501965514
37 1.65472584585364
38 1.03874693446652
39 1.05796690588199
40 1.03889553431045
41 1.68243903510196
42 1.06822457958348
43 1.09247331176259
44 1.23823102937641
45 1.13811302406316
46 1.03545748110282
47 1.38929348160765
48 1.22261783391342
49 1.49918629021569
50 1.33940287453278
51 1.06726541381892
52 1.50702313325246
53 1.1380290380305
54 0.957401941242428
55 1.38789802452014
56 1.49362842270813
57 1.38308070005339
58 1.23669542941231
59 1.03768610235699
60 1.50020241952971
61 1.11812508115527
62 1.23769700786231
63 1.38406193572817
64 1.08861259101663
65 1.30870105883998
66 0.949333456949265
67 1.2379106458617
68 1.19760987356406
69 1.38557468464811
70 0.891125109063076
71 1.08997147086303
72 1.68991657133988
73 1.13918566605761
74 0.949595850037113
75 0.949752150647259
76 1.52232825349261
77 1.22437872356755
78 1.19204983181205
79 0.947447040668734
80 1.40534481329033
81 1.39484578646573
82 0.996046163398881
83 1.48804622804813
84 1.20033388733483
85 1.23507009432757
86 1.08152003614054
87 1.24017549059062
88 1.21925543723749
89 1.12490561848124
90 1.64728057452298
91 1.39206150916216
92 1.19793447024479
93 1.41866814448415
94 1.0695847703027
95 0.942953591433597
96 1.03822180915547
97 0.94616432418083
