"POS" "KL"
1 1.78282505535651
2 1.110453547629
3 1.31610526815066
4 1.10632819356889
5 1.52648892108399
6 1.32131175275274
7 1.01185046048777
8 1.01041208456733
9 1.21767091809198
10 1.01278124584254
11 1.00597521659732
12 0.926218188673125
13 0.81159454876804
14 1.09868430282302
15 1.42258284737834
16 1.04939935398259
17 1.00135879619
18 1.01113763821739
19 1.25518224715841
20 1.17255148795149
21 0.872337930262898
22 1.39706720376254
23 0.938862637340175
24 1.39795797092886
25 1.52959660292919
26 1.00744446176246
27 1.01174357811104
28 1.09033978222579
29 1.00626429113535
30 1.00387396616825
31 0.933680259965925
32 1.00609016141613
33 1.45301144495597
34 0.744638287715234
35 0.922754362947544
36 1.85321705351439
37 0.925248530674652
38 1.00955232762231
39 1.52130443298708
40 0.735109574402215
41 0.979663092404392
42 0.86416501322918
43 1.50799743669632
44 0.720769689588983
45 1.24551347022516
46 0.830661291523668
47 1.0633483022242
48 0.947060308000979
49 1.36806590734357
50 1.04946316670286
51 1.30309586117503
52 0.750372640929139
53 0.985122478597069
54 0.998037508167333
55 1.2075918853639
56 1.51724289160485
57 1.33447721378112
58 1.10720363688795
59 0.863503761922123
60 1.22055011456081
61 1.44543134183245
62 1.21862989554233
63 0.88195894775059
64 1.27367061507484
65 1.03248139507343
66 0.854243899474036
67 0.855032880455962
68 1.20826874223683
69 1.08388211489476
70 1.36466227691296
71 1.38920127947875
72 1.0115293033724
73 1.10858336040744
74 0.933355805288219
75 0.93449030924293
76 1.39862617100638
77 1.38024216622272
78 1.01929112797454
79 0.997867193776804
80 0.891505631327512
81 1.00817779308401
82 1.45325848414445
83 1.47332789986684
84 1.00448188747402
85 1.51242905961205
86 0.785576126229309
87 1.33136465929425
88 1.33723446246582
89 1.11177956181019
90 0.92348176790888
91 0.823951150474815
92 1.42463825428806
93 1.00631106378198
94 1.01133750759009
95 0.935134260442624
96 1.32729243757693
97 1.01234495060668
98 1.33587164029936
99 1.23837092860525
100 1.42191661157956
101 1.24366250271784
102 0.992305657484694
103 1.42475722751221
104 1.34937142582347
105 1.32180254220074
106 1.42405212071681
107 1.01088191713306
108 0.935459139042931
109 1.3796088817667
110 0.935713498189472
111 1.20696441960962
112 1.3717990164394
113 1.34687840048434
114 1.37747343914704
115 1.34072855404618
116 1.22634422327424
117 1.42610836758902
118 1.42545989422538
119 1.39871303328758
120 1.22861114403963
121 1.52685746519011
122 1.01262857313479
123 1.46643487760147
124 1.3984206207463
125 1.39558705439899
126 1.10956685297813
127 1.33810231140053
128 1.32287791693049
129 1.85824075791803
130 0.935689904939796
131 1.10940629906873
132 1.00775587532113
133 1.22751814388582
134 0.839144298768427
135 1.32975949429001
136 1.33139934665034
137 1.42447677017177
138 0.933657817745665
139 1.31834468034522
140 1.52767451229302
141 1.42420424117818
142 1.06649765315776
143 1.39957476964182
144 1.78192202783903
145 0.936190154330826
146 1.37698112191719
147 1.32132346268041
148 0.870203815313517
149 1.01229546080995
150 1.35122198623548
151 1.07425414930396
152 1.32247347080245
153 0.935329894444811
154 1.32037189759593
155 1.53523506782746
156 1.11161604277027
157 0.936140573170059
158 1.2125617305695
159 1.4252707134557
160 1.35202022886033
161 0.935693862358547
162 1.24482163228113
163 1.47544714739403
164 1.45469905112928
165 0.936600542025447
166 1.47499498733422
167 0.934737139582754
168 1.4754492536316
169 1.37976137284433
170 1.85732034625161
171 1.33872469970803
172 1.01264325412323
173 0.75317582567171
174 0.859931544523959
175 1.45360934280353
176 1.39942906085105
177 1.22887222417661
178 1.01260334529446
179 1.01190051752223
180 1.01088124989538
181 0.935435945027916
182 1.01218386219523
183 1.31984913366089
184 1.33035948747297
185 0.719328147126231
186 1.00796498114952
187 1.4747686811628
188 1.24258730184282
189 1.47528821469224
190 1.2453205392027
191 1.39863990681494
192 1.33099946899139
193 1.53713818218451
194 1.06330619579447
195 1.00957064444311
196 1.0069936912803
197 1.01395785805566
198 1.22830062683235
199 1.04098953900833
200 1.22330324981617
201 1.00551583336222
202 1.3223603625103
203 0.936738886714308
204 1.45450568884953
205 1.1946115892897
206 0.941072505463331
207 0.795202495484042
208 1.00871979135596
209 1.39932099251614
210 1.4245924133416
211 1.22870608380491
212 1.53031868267214
213 1.35129902048941
214 0.936255815698262
215 1.35251227790078
216 1.38009160460773
217 1.21785595032748
218 1.38024730228582
219 1.13361054778044
220 1.10872590092154
221 1.01199194671053
222 0.935698325477195
223 1.38024730795228
224 1.42313613745042
225 1.22614030904505
226 0.814258773801876
227 1.77867613927095
228 1.22879550525997
229 1.33927014281835
230 1.01233501694005
231 1.32125692106256
232 0.922455272664688
233 1.05867781393353
234 0.896091584132377
235 1.29199992072088
236 1.4740199250162
237 0.936164405691718
238 1.53605465872754
239 1.30840438749713
240 1.01306604115848
241 1.42373803054347
242 1.19133798867308
243 1.01096048825339
244 1.34712684912911
245 1.32025007271699
246 1.01264382610558
247 1.31944822295032
248 0.845100507606566
249 0.696229842706439
250 1.32915163240105
251 0.926170451547499
252 0.980924346075283
253 1.35095896048787
254 1.49501665208719
255 0.879953738923453
256 1.47497444668723
257 1.31729702670283
258 1.10618174712327
259 1.29125629331022
260 1.72731792969066
261 1.53583369835931
262 1.35254627285448
263 1.35201001473549
264 1.37989048775194
265 0.936742260520688
266 1.37991484747071
267 1.53758297034911
268 1.32203690165566
269 1.33403227387805
270 0.778088140616615
271 0.735597526485417
272 1.03261093936524
273 0.845898022491726
274 1.11386770445231
275 1.38007167855371
276 1.245867103552
277 1.37904612387284
278 1.42431458940993
279 1.33890416397727
280 1.10972428565151
281 1.45450567592978
282 1.8564185965646
283 1.00680563445529
284 0.924479325627835
285 1.1125966262284
286 1.424863113663
287 1.3221344162852
288 1.45344697131389
289 1.24553744696438
290 0.93455286196151
291 1.42572132898207
292 1.10185870398191
293 1.52003150449331
294 1.10569158582989
295 1.3988745526236
296 1.14021681714771
297 1.5369552144419
298 1.49738316510467
299 1.00117033458012
300 1.01199931810698
301 1.53658791265927
302 1.01297078825717
303 1.38008950275671
304 0.934458415656666
305 1.01170797246127
306 0.867522799658248
307 1.40425353761081
308 1.01208249283532
309 1.33842048799893
310 1.10776558124342
311 1.32129759134317
312 1.42372216823973
313 1.31577649362944
314 0.877559233720597
315 1.33792490106428
316 1.03751389221707
317 0.995813675613583
318 1.01143114356985
319 0.92907206626459
320 1.37968748206181
321 0.812651214577214
322 1.32196949340615
323 1.23547124096522
324 0.735105026497862
325 0.771923528943882
326 0.940640825165537
327 1.01203962257653
328 1.47104807396742
329 1.03325045291052
330 1.01237407554062
331 1.24117922804846
332 1.33210855206674
333 1.01185368201849
334 1.42508542670954
335 0.935576843412816
336 1.23807840701237
337 1.30089758754294
338 1.53581037114825
339 0.95593619230542
340 1.10508305155313
341 1.01189633410496
342 1.24099056232034
343 1.45387971798726
344 1.00912362053165
345 1.01264655578512
346 1.42433256551867
347 1.22659987174922
348 1.33173015517991
349 0.931343222984612
350 0.789282518469911
351 0.792840884702688
352 0.755559468927928
353 1.42498703478133
354 0.990251368585427
355 1.01246791122848
356 1.42523742234297
357 1.35217591555773
358 1.77878267845589
359 1.00721135599599
360 1.45353769250241
361 1.33860124940278
362 1.31615425405348
363 1.1102830372215
364 1.01280886680303
365 1.45380449095354
366 1.20028257992073
367 0.741557354476956
368 1.2258783635827
369 1.33773785144471
370 0.863999916082159
371 0.77315330369242
372 1.4249296841503
373 0.919538202426413
374 0.716643135157361
375 1.32300742197752
376 1.5301899286035
377 1.3355105369027
378 0.870049318288666
379 1.20538966863129
380 0.885405171211309
381 0.969559447394741
382 0.887768265496618
383 1.13818850713076
384 1.45117981724961
385 0.934710477709451
386 1.0124808800781
387 1.53620658916035
388 0.935486107931783
389 1.0112741280478
390 0.934564693214432
391 1.42589339071394
392 1.24285836327483
393 1.52989581059656
394 1.85715085275192
395 1.32212596843043
396 1.35166412186696
397 1.3970041226106
398 1.22830832631043
399 1.0118351452852
400 1.39116864758892
401 1.07809416026618
402 1.38005061911341
403 0.993903793405476
404 1.41870185299893
405 1.32046372664496
406 1.37969129097547
407 1.42542263576967
408 1.45315229407489
409 1.2422849280999
410 1.35253276286967
411 1.39911064746707
412 0.85355862195562
413 1.42415046458233
414 1.01237102291606
415 1.21046445589365
416 1.31870469531631
417 0.906328603159843
418 1.35233283162959
419 1.08460924670807
420 1.22628384694262
421 0.979827566710596
422 1.45349151689214
423 1.22212573806897
424 0.93422045350018
425 1.00880279973103
426 0.936386542076439
427 0.921197248257522
428 1.00562153732691
429 0.933822550740192
430 1.42165054015824
431 1.37986483846214
432 1.01188303023818
433 1.23856364291932
434 0.900318209431966
435 0.870047578122892
436 1.29855313823007
437 0.976689981060746
438 1.00236725878067
439 0.812173036517835
440 1.45085809941416
441 0.934982051447776
442 1.45357732604872
443 1.31828226084072
444 1.33850651135267
445 1.00984620339983
446 1.47419836293595
447 1.34066458588887
448 1.39216153017844
449 1.31822223126064
450 1.4220827206783
451 1.18710968313566
452 0.964893432647085
453 1.33391441969321
454 1.19744486332934
