"POS" "KL"
1 1.34892295252847
2 1.0989898363269
3 1.09522338302693
4 1.36971385596608
5 1.07465137960892
6 1.2735209357472
7 1.37243058422063
8 0.999585512452524
9 1.10194368039042
10 1.57659518214698
11 1.14226600521237
12 1.37342946631596
13 1.34892295252847
14 1.10241207962457
15 1.27240908916868
16 0.961508968259578
17 1.07377685030814
18 1.1371738205562
19 0.997649680100846
20 1.37260646996582
21 1.19123891262624
22 0.894285938693145
23 1.27087674823144
24 1.14206585677557
25 1.23165913696817
26 0.997780834313229
27 1.09998621914235
28 1.10218119839547
29 1.3044984970266
30 1.07512092971054
31 0.963918370787239
32 1.34892295252847
33 1.22389223071036
34 1.03427837885959
35 1.07512092971054
36 1.23077409986349
37 1.07512092971054
38 0.996368544248956
39 1.46613252027566
40 1.57737820107283
41 1.23140475166427
42 1.37395292977776
43 1.34752850596031
44 1.91880928776677
45 1.2735209357472
46 1.14226625459323
47 1.19008386702666
48 1.37030778589014
49 1.19010978699933
50 0.987178532225172
51 1.33410536703694
52 1.57186196061402
53 1.17703846484165
54 1.07414323270837
55 0.998080721179574
56 1.18987347150592
57 1.2188631490837
58 1.37395292977776
59 1.2717805841876
60 1.10128057075546
61 1.08319655052081
62 1.27279643983517
63 1.22512837551111
64 1.14252834792369
65 0.99624876253748
66 1.34825032936274
67 1.30165482642498
68 1.19032120869213
69 1.1011138955031
70 1.03255493157453
71 1.45965924099607
72 1.33220434770518
73 1.1397834655324
74 0.999585512452524
75 0.999585512452524
76 1.2712783924104
77 1.36835040934701
78 1.57557095287102
79 1.19056296196795
80 1.14207028587581
81 1.13566811218685
82 1.8632252246377
83 1.49148153110432
84 1.09374962081558
85 1.08581026466852
86 1.07512092971054
87 1.37219112415009
88 1.33379539869946
89 1.4897174450113
90 1.36982083535326
91 1.37201790364118
92 1.2735209357472
93 1.07512092971054
94 1.07512092971054
95 1.49028013399343
96 1.22925489144729
97 1.57737820107283
98 0.902697393371653
99 0.994629493464975
100 1.05609357752228
101 1.31681652670083
102 1.06799532654714
103 1.3717592105471
104 1.91805779075967
105 0.898881528623606
106 0.999347415911416
107 1.14136098488938
108 1.18881274426155
109 1.10305614320613
110 1.19008398570643
111 1.57522184026802
112 1.33410559441217
113 1.37273628428851
114 1.13969722760125
115 1.142035016608
116 1.22543322055403
117 0.995297578997732
118 0.998589142091338
119 1.15607413881757
120 1.91807003061766
121 0.999585512452524
122 1.37273303793276
123 1.10123874084493
124 1.27155485015805
125 1.26913920806553
126 1.07196343432693
127 1.02400739747551
128 1.32705819165585
129 1.08086614929687
130 1.26727471947246
131 1.09792029793371
132 1.07486416280171
133 1.18658339830922
134 1.27255938520523
135 1.8632252246377
136 1.17573807496478
137 1.34816772017191
138 1.23114440354952
139 1.91890088628965
140 1.86170102228775
141 1.1024181823802
142 1.2717805841876
143 1.19009710019398
144 1.2717805841876
145 1.33498529589995
146 0.9847554220893
147 1.2732604310811
148 1.57737820107283
149 1.37352345300381
150 0.999585512452524
151 1.27325330638659
152 0.999585512452524
153 1.10189224504637
154 1.19008419917461
155 1.3044984970266
156 0.998539018143048
157 1.27249063323969
158 1.07512092971054
159 1.34335349370244
160 1.33525780755649
161 1.49176124870979
162 0.999347851859919
163 1.34820770102065
164 1.91880928776677
165 1.1024181823802
166 1.19056296196795
167 1.34865830010854
168 1.37395292977776
169 1.07490913785354
170 1.1024181823802
171 1.2735209357472
172 1.19030699516553
173 1.49148157333043
174 0.999347816575174
175 0.993360563470358
176 1.09569570375277
177 1.07512092971054
178 1.10057133025736
179 1.10189051627274
180 1.07512092971054
181 1.09906848970498
182 1.10140718126003
183 1.30245971194877
184 1.37294871770045
185 1.07512092971054
186 1.28875757455276
187 1.07512092971054
188 1.2735209357472
189 1.09990018439493
190 0.967356809369529
191 1.2057188396194
192 1.14187052110994
193 1.18940708775039
194 1.22490401642281
195 0.99909381811502
196 1.34865828686389
197 1.22386146620393
198 1.37294114027053
199 0.999585512452524
200 1.07512092971054
201 1.22809213887447
202 1.26786182309949
203 1.33427891131025
204 0.999331465634265
205 1.2717805841876
206 1.46660120883852
207 1.91760181245135
208 0.999340040004005
209 1.07488427759294
210 1.14186428863764
211 1.26783652037201
212 1.07512092971054
213 0.999331465634265
214 0.899028778196337
215 1.27279675292603
216 0.997292664080456
217 1.14406699685814
218 1.10123142619364
219 1.57711388084618
220 1.14094469835664
221 0.999585512452524
222 1.34648086506576
223 1.918532234606
224 1.27100554438655
225 1.23049633511599
226 1.18987374343254
227 1.3729410841799
228 1.07512092971054
229 1.37321989525756
230 1.46660115392612
231 1.37395292977776
232 1.27143468051981
233 1.09979568832485
234 1.09863106549093
235 1.37395292977776
236 0.911469837108298
237 1.09954928295843
238 1.34794063219265
239 1.33981526852056
240 1.33525780755649
241 1.37395292977776
242 1.30183346157656
243 0.998889084146503
244 1.14252834792369
245 1.10215838805305
246 0.999585512452524
247 1.21283914432645
248 1.49126485565052
249 1.07485849397749
250 1.2717805841876
251 1.09822883483246
252 1.14226637254814
253 1.21945314949246
254 1.14252834792369
255 1.33499603534591
256 1.18508293261692
257 1.10155914565768
258 1.46687461024534
259 1.18756407885388
260 1.09839670138912
261 0.999585512452524
262 1.1024181823802
263 1.10101818734775
264 1.19056296196795
265 1.22830510525632
266 1.18989300046991
267 0.999585512452524
268 1.07512092971054
269 1.1021693183288
270 1.30136699652831
271 1.10189383956036
272 1.86291943764698
273 1.37321989525756
274 1.1024181823802
275 1.91880928776677
276 1.19056296196795
277 1.49147590102665
278 1.10092067880496
279 1.91822296840948
280 1.29304756225696
281 1.57713872148824
282 1.07512092971054
283 1.08107445294376
284 1.09871039001362
285 1.29244257087995
286 1.09933055599402
287 1.09820731446994
288 1.07512092971054
289 1.69886711407265
290 1.32788936272185
291 1.46687461024534
292 1.13904785792399
293 0.901335128163492
294 1.14186419086403
295 1.07485853334907
296 1.57713569913527
297 1.10175048856269
298 1.19034480348094
299 1.3044984970266
300 1.07512092971054
301 1.12054618005745
302 1.33452405412501
303 1.49148160147378
304 1.46687461024534
305 1.35887843880383
306 1.18961336125279
307 1.19006524007515
308 1.37395292977776
309 1.14065146660256
310 1.10124131752419
311 1.37372157354243
312 1.30163032027757
313 1.13964296578992
314 1.10070200720857
315 1.1892217226026
316 1.19349174787244
317 0.99933144031051
318 1.48898860450238
319 1.27126039335951
320 1.14228071085343
321 1.2717805841876
322 1.49176124870979
323 1.09531711496151
324 1.86295125743521
325 1.37321989525756
326 1.1024181823802
327 1.37395292977776
328 1.19031340914157
329 1.3003541955406
330 1.91890088628965
331 1.34706181506538
332 1.10188328422887
333 1.91776170571494
334 1.67837497190311
335 1.10019483946356
336 1.10167824889558
337 1.1018905286452
338 1.46640346016256
339 1.14226642493693
340 1.33525780755649
341 1.18967163473091
342 0.998170972281251
343 1.29304254377904
344 1.09128708147462
345 1.09966497546901
346 1.46447398333959
347 1.22984367536453
348 0.993730896476199
349 1.07512092971054
350 1.22561355342073
351 1.21831797467969
352 1.30002852346199
353 1.06553060920866
354 1.4907574149719
355 0.999585512452524
356 1.07462923777909
357 1.36228619030322
358 1.19056296196795
359 1.09773015222021
360 1.27251200136104
361 0.999585512452524
362 1.07512092971054
363 1.29365971855395
364 1.37297498658457
365 1.22950163482673
366 1.10213931547626
367 1.1024181823802
368 1.27037073982107
369 1.14226641184179
370 1.26126204067222
371 1.17115486759033
372 1.02727796242172
373 1.06684406542301
374 1.21475236928976
375 1.17563780617257
376 1.10216936783493
377 1.11205624221609
378 1.2735209357472
379 1.19056296196795
380 1.14252834792369
381 1.19056296196795
382 0.999347804811148
383 1.1024181823802
384 0.993093872675083
385 1.57737820107283
386 1.9186026044897
387 1.10188111601711
388 1.23140492917441
389 0.998267919634697
390 1.2735209357472
391 0.998338952976471
392 1.1024181823802
393 1.07487533332657
394 1.07512092971054
395 1.26939733606639
396 1.27091719259907
397 1.27032099804872
398 1.37164236414993
399 1.37265929426709
400 1.19176944513617
401 1.09925735850017
402 1.10108044680508
403 1.09580748959917
404 1.07487702544399
405 1.37367413446758
406 1.22499200380735
407 1.1024181823802
408 1.14417781350011
409 1.37395292977776
410 1.49176124870979
411 1.27197281909189
412 1.46660345587696
413 1.1024181823802
414 1.30402007671218
415 1.37395292977776
416 0.999156334143254
417 1.26997843019544
418 1.18906551701036
419 1.49176124870979
420 1.46662246186267
421 1.02504528029429
422 0.90064482502951
423 1.01806129973401
424 1.27138082849759
425 1.00719414746615
426 1.34587774175742
427 1.1018905286452
428 1.1014089580486
429 1.46687461024534
430 0.994999166418977
431 1.07360972362469
432 1.26720605905052
433 1.09882756103255
434 1.14129953677083
435 1.07512092971054
436 0.999585512452524
437 1.27106175604256
438 1.1024181823802
439 1.33472534995733
440 1.34892295252847
441 0.999585512452524
442 1.12522341544258
443 1.14226638564739
444 1.11346838261782
445 1.23049650730825
446 0.904698147521018
447 1.34306397998548
448 1.34865828686389
449 1.14252834792369
450 1.08148493878698
451 1.1001431659879
452 1.19478432285076
453 1.39799539034478
454 1.13242791879015
455 1.18867433000644
456 1.06185251303841
457 1.1024181823802
458 1.46660111272671
459 1.36776751957749
460 1.07441224946185
461 0.999585512452524
462 1.07512092971054
463 1.30002464011088
464 1.46660108525325
465 1.14252834792369
466 1.17965929463865
467 1.10032315084792
468 1.33498888257477
469 1.14109654046914
470 1.20946433328068
471 1.10124767016911
472 1.23732093539892
473 1.25307266606696
474 1.49147582907793
475 1.22872574150768
476 1.30277201083769
477 1.49112363535881
478 1.10135619047558
479 1.46687461024534
480 1.33230137903888
481 1.33386357622898
482 1.09166610987869
483 1.26973365524754
484 1.14202696318723
485 1.07438354389858
486 1.09870868897349
487 1.57681809394787
488 1.46524198659997
489 1.4660704582424
490 1.07440680702148
491 1.33449034279838
492 1.26501223201947
493 1.10213931547626
494 1.13937367515979
495 1.14089853825686
496 1.5768332653893
497 1.33153340195958
498 0.943483319165526
