"POS" "KL"
1 1.42990243923594
2 0.877883369003544
3 1.11926308215821
4 1.23038523763184
5 1.24550521320642
6 1.24614076379972
7 1.1452632656842
8 1.14500161760937
9 1.38422293024243
10 1.48487191900853
11 1.19688293668389
12 1.25392655402185
13 1.8683286358644
14 1.38396647984297
15 0.956028855494009
16 1.6513434450948
17 2.01873013436381
18 1.04146032490737
19 1.11381613576495
20 1.32570451534734
21 1.01345846169301
22 1.2223125981821
23 1.30425280611495
24 1.24168761639938
25 1.15453557605415
26 1.00717393052944
27 0.958143839121605
28 1.15139337922846
29 1.25458513185252
30 1.30937067696098
31 1.35114831210739
32 1.38422566662854
33 0.956173090769766
34 1.254832086193
35 1.1135838869542
36 0.956537928349165
37 1.11245473240102
38 1.11357508074669
39 1.25318798959476
40 1.48559438626017
41 1.31553188231744
42 1.14644940586549
43 0.959725901629783
44 1.2928042770084
45 1.16288486947144
46 1.11237294292035
47 1.16327068928892
48 1.13891346227646
49 1.24415456747566
50 0.944184784119922
51 1.15465379494611
52 0.956701430653089
53 1.12439324617891
54 1.15908017838333
55 0.916431028109502
56 1.22733151300186
57 1.31850336390796
58 1.24420441918199
59 0.877885313041812
60 1.16677014714545
61 1.16642743165367
62 1.32435502939864
63 1.48365367829347
64 1.1623395512529
65 1.18161465893452
66 1.10698971404262
67 1.45003232882056
68 1.17345358586141
69 0.958220740942765
70 1.31242820839253
71 1.10227973204467
72 1.10608002288754
73 1.13431908164026
74 1.00827659370818
75 1.10133869120127
76 1.10996226486754
77 0.900292867793068
78 0.990101966406595
79 1.41339692714135
80 1.03678803884608
81 1.04948915181049
82 1.3071992605376
83 1.14557829081992
84 0.931317078892354
85 1.19366525399325
86 1.11017082398535
87 1.14130600182781
88 1.10219049390296
89 2.06284045101685
90 0.796810809902577
91 1.01083271904724
92 1.24617176062172
93 1.38324058523837
94 1.2382076875255
95 0.807795327413328
96 1.10947376099069
97 1.10735586285309
98 1.41231416705472
99 1.14424512889042
100 1.11319614249553
101 1.22584584383125
102 1.64777994756169
103 1.35299448905697
104 1.42218063204361
105 0.958340367730302
106 1.4059007862075
107 1.34971109188527
108 0.991241942458589
109 1.48014251791511
110 1.31386013644618
111 0.954503002646965
112 1.02370789526967
113 1.16571882040854
114 1.32182299413494
115 0.953597453423438
116 1.86106549774603
117 1.15976807752027
118 1.09405002798614
119 0.865614809010187
120 1.25457937348805
121 1.48483831251397
122 1.30951700931868
123 0.986933123736033
124 1.40517933764167
125 0.905672043212663
126 1.32623037543263
127 1.27087589035776
128 1.16395331270392
129 1.03024784012788
130 0.958894550910881
131 0.910714194058175
132 1.32013250522797
133 1.28270396870957
134 1.38399088503509
135 1.13167581422004
136 1.18233936569022
137 1.1723862576195
138 1.3841809975004
139 1.14401152953201
140 1.11235123951692
141 0.958978860525424
142 1.11030052275152
143 1.12753801945865
144 0.949266212832702
145 1.01055748709579
146 0.958119508069892
147 0.959713214203334
148 1.10981529599215
149 1.32061897413491
150 1.37878958220874
151 1.2416631799482
152 1.10822451478367
153 1.10810817408943
154 1.14203668938362
155 1.08044632245928
156 1.16983668946813
157 1.18829696859046
158 1.16642743165367
159 1.11065018493693
160 1.17683472266703
161 1.14470593398857
162 1.34184987048208
163 0.957105567363116
164 1.34396567537172
165 1.14465839853065
166 0.884541867573619
167 1.34802874039059
168 1.1659175047373
169 2.02151130983196
170 1.24306951487922
171 1.79891630868293
172 1.1104734433581
173 1.24585699062111
174 1.19224220787247
175 1.32697031721524
176 1.28723717091024
177 1.31820005548179
178 1.0452275076249
179 1.16415823865544
180 1.17147950609594
181 0.95896409193472
182 1.17488541168772
183 1.16178727854153
184 1.16553642293333
185 0.954502311002433
186 1.11234286373061
187 1.6493230700549
188 1.29432228803094
189 1.03003922168173
190 1.2936825959788
191 1.24364335951281
192 1.18972029001379
193 1.11225703038109
194 1.1916639973674
195 1.14621122398525
196 1.08668728874467
197 1.1480339276383
198 1.01587927211848
199 1.48537878408017
200 1.11143053907769
201 1.379440737093
202 1.30110776422367
203 1.65029775965687
204 1.10604238691997
205 0.90922956846549
206 1.62755163525147
207 1.11577698029564
208 1.11245997252227
209 1.16668109508001
210 1.15003968927426
211 0.986889997017062
212 1.24466662194819
213 1.02580263762798
214 0.870962532504629
215 1.19499179754576
216 1.24233290881349
217 0.96567448809174
218 1.4845441800454
219 1.31693065676432
220 1.01186221909741
221 0.996103989924817
222 1.22035293110812
223 1.30472891177097
224 1.00771479538727
225 1.14250529813038
226 0.842912115715933
227 0.935958436641063
228 0.971860082571855
229 1.09919056513193
230 0.97771269600051
