"POS" "KL"
1 1.12009707990084
2 0.861077661355247
3 0.988904260691182
4 1.44903671292069
5 1.42614325684016
6 1.0039648390038
7 0.984227435211269
8 0.983758239467187
9 1.23166383307039
10 1.07408195100941
11 1.43037854195207
12 1.2022060916433
13 0.904651881778092
14 1.08879371825706
15 1.09050207918172
16 1.11583333104931
17 0.984792003675508
18 1.36686824912757
19 1.11036794131756
20 1.05979000938972
21 0.906339795357353
22 1.33673385470414
23 0.982143672901868
24 0.982931413044344
25 0.981737006249941
26 0.835212695720864
27 1.42569778546872
28 0.905913233557715
29 0.936250315958744
30 1.36182729029301
31 1.11495791658248
32 1.40598020667089
33 1.42390903108201
34 0.921268003606255
35 1.23024877299646
36 0.925143871511078
37 0.982198551983119
38 0.906252609445454
39 1.35536365399432
40 1.03548910145374
41 1.8017765166109
42 1.08873481339931
43 1.43083402753939
44 0.9826815272831
45 0.904669519756387
46 1.36152151578945
47 0.920137931057549
48 1.22456758227494
49 1.57495469531479
50 1.11693967986126
51 1.09010043526064
52 0.98418740205241
53 1.34853429265794
54 1.42582747577433
55 0.899253198588999
56 1.76100168323696
57 1.57023004701516
58 0.903395772894753
59 1.07442388634093
60 0.890928667479029
61 1.08944734187745
62 1.55276897341845
63 0.820736435394301
64 1.35032078266807
65 1.78028642466815
66 1.09016378236592
67 0.843988735996706
68 1.06632553958848
69 0.905883421812464
70 1.36151551875878
71 1.06956404446061
72 1.3700126926451
73 1.2321180055159
74 0.925114509035833
75 0.927386831225137
76 1.15186888588181
77 1.0873297070113
78 1.78022884718514
79 0.904623745249021
80 1.20178280087843
81 0.925675271191485
82 0.926363340235417
83 0.799322985423827
84 1.09047726732075
85 1.59009927106708
86 0.98196968216011
87 0.905844414676133
88 1.35988500304064
89 1.31282570779572
90 1.42508973373187
91 0.926978797236593
92 1.54790113229282
93 0.983842494175105
94 1.23263182620253
95 0.926952768043762
96 1.07367814363431
97 1.20220576375714
98 1.42588068624265
99 1.23240708472816
100 1.11615830378927
101 1.07451098449462
102 1.54543486185326
103 0.906121021820282
104 1.06940692975702
105 0.812975101575062
106 0.906095246338093
107 0.802363100514825
108 0.925497732577798
109 1.58477184319491
110 0.927634351991524
111 1.07334081785831
112 0.92718250507827
113 1.19934610884062
114 1.09004124182755
115 1.38968004701137
116 1.23066936711932
117 0.984235742214047
118 1.23094170933842
119 1.07323246418539
120 0.88943815603603
121 1.20245756498102
