"POS" "KL"
1 1.44006582575506
2 0.963980276373968
3 1.26014117651861
4 1.29595955141488
5 1.3616850399222
6 1.23497377092316
7 1.59393112858314
8 1.59674097614987
9 1.29666676160087
10 1.35616868465453
11 1.35033788294711
12 1.43902586581559
13 1.11947476389748
14 1.29514825250883
15 0.9659920968619
16 1.06122802076247
17 1.26740057944451
18 0.96498361433812
19 1.12171043190887
20 1.25215467581354
21 1.43977835357197
22 1.12036133099544
23 0.966743140621564
24 1.56894405109767
25 1.29798627796589
26 0.967165364979952
27 1.26481509001072
28 1.18462082903383
29 1.12181963789544
30 1.04517226069543
31 0.966068132141366
32 1.29028719432159
33 1.3571608831145
34 1.12226656978674
35 1.29240036747335
36 1.26762577864412
37 1.26669050960943
38 1.16049784039438
39 1.64817094526616
40 1.29564635846548
41 1.71159045498318
42 1.05901104090958
43 0.967661369689327
44 1.35578058670188
45 1.64817094526616
46 1.29566848915371
47 1.43979556947788
48 1.57327635817391
49 1.17260628713905
50 1.27619766505921
51 1.2964237656836
52 1.71132644901134
53 1.29667466823087
54 1.16400718204514
55 1.14659039161181
56 0.966679063753046
57 1.12757482159415
58 1.29773873896302
59 0.962266083293293
60 1.16622900306804
61 1.05351224612128
62 1.15627693623168
63 1.15194653091015
64 0.966942135499398
65 1.02264105774189
66 1.11822713301864
67 1.27638852796167
68 1.34369874789274
69 1.35744017053475
70 1.24566576926259
71 1.06102418364003
72 1.06099339347281
73 1.12265754399726
74 1.71131270699856
75 1.23548548648664
76 1.29694795020548
77 0.967661369689327
78 1.16598557570887
79 1.16483246263667
80 0.967661369689327
81 1.2992287441714
82 1.23521579333581
83 1.2766157570549
84 1.23453924292899
85 1.03492632869689
86 1.43295484197352
87 1.26784139379323
88 1.77558132314737
89 1.29590873278226
90 1.35440325285017
91 1.36066035485171
92 1.35744017053475
93 1.17337543026005
94 1.16573107499567
95 1.64817094526616
96 1.35600430154556
97 1.29342895008186
98 1.29380347722861
99 1.28455706232907
100 0.834594123824299
101 0.960446684287306
102 1.12355862762572
103 1.3498126083165
104 1.1204063137436
105 1.25660718426746
106 1.06038436908961
107 1.35008833365242
108 1.27580887835949
109 1.06167451027725
110 1.57273693346228
111 1.2771414354168
112 1.57243859777761
113 1.12258249653729
114 0.963664198061458
115 1.3467314123774
116 1.23394762264881
117 1.29694795020548
118 1.16339489688142
119 0.967661369689327
120 1.16491139136928
121 1.2992287441714
122 1.36154499055243
123 1.29590873278226
124 1.2352402655593
125 1.23548548648664
126 0.964933008552256
127 1.34714024235635
128 1.71157838447666
129 1.15589353295668
130 1.57327635817391
131 1.57327635817391
132 1.06117828499155
133 0.96517603400661
134 1.12304367044401
135 1.26738039432775
136 1.35577457232644
137 1.1228618762153
138 1.16478356595283
139 1.12329928967835
140 1.16994941525819
141 0.966159551926775
142 1.09559047472422
143 1.29468592118212
144 1.7103990386773
145 1.1654594900446
146 1.71186422672637
147 1.16573106194604
148 1.29666888721368
149 1.17337543026005
150 1.29694795020548
151 1.29184253304202
152 1.29895586521711
153 0.967414437597774
154 0.967661369689327
155 1.43880309113884
156 1.26735781379059
157 1.29564132497667
158 1.11554543079504
159 1.26167087612451
160 1.27401871401479
161 1.56499945105367
162 1.28969591155992
163 1.06082579030707
164 1.27661556764258
165 0.966436972996205
166 0.967181597601501
167 1.17311656147992
168 1.23522307622419
169 1.26758420910239
170 1.23548548648664
171 1.16573095749851
172 1.12330257539888
173 1.29590873278226
174 1.23548548648664
175 1.06102404660929
176 1.29407834998879
177 1.29539648848187
178 1.16551053892811
179 1.23548548648664
180 1.59626091343103
181 0.967414323946874
182 1.43924139192934
183 1.26709632407724
184 1.15557763782091
185 1.2330689006469
186 1.04020836827244
187 1.05811886952912
188 1.77528476934675
189 1.27588314910767
190 1.17263613852308
191 1.29694795020548
192 1.23485032680387
193 1.5935515616435
194 1.17337543026005
195 0.967661369689327
196 1.22614989287621
197 1.29823562552103
198 0.966724575928939
199 0.965077403461024
200 1.29563588733087
201 1.16241868386252
202 0.967661369689327
203 0.967181524237831
204 0.996499645448086
205 1.29666874269418
206 0.965409436743841
207 1.16573090524105
208 1.2874283259448
209 1.29687497643831
210 1.29399501429206
211 1.43440046425494
212 1.23034816106777
213 0.959100305437456
214 1.059831618456
215 1.26663570600567
216 1.26882848525477
217 1.59646549001375
218 1.17284782118774
219 1.06142333966485
220 1.35061570562995
221 1.35061570562995
222 1.35433616511324
223 1.29694795020548
224 1.15924842308421
225 1.02729568354411
226 0.935824018437626
227 0.963312008620353
228 1.34684258416702
229 1.29619141287088
230 1.23495071152108
231 1.261527342179
232 1.57274734445639
233 1.34742518458796
234 1.27541631581884
235 1.28762775065987
236 1.2964516353079
237 0.962195639813871
238 1.34912731137497
239 1.35516123420195
240 1.29719481796561
241 1.501554107175
242 1.16503071064114
243 0.965951455855665
244 1.29751309788555
245 1.1230874757733
246 1.06167740510058
247 1.17337543026005
248 1.59596427603312
249 1.43666732780494
250 1.1712510379054
251 1.12100627488974
252 0.947902307855439
253 1.36307290406643
254 1.35014445927891
255 1.26731915220838
256 0.979538580000745
257 1.16442699074876
258 0.965721756507673
259 1.34577995906182
260 1.29615658519931
261 1.05607262175395
262 1.07933242693049
263 1.2722391196644
264 1.29537258772249
265 1.34980477533239
266 1.21753227367601
267 1.34048068321126
268 0.927758564222398
269 1.20176493394379
270 1.05948759067168
271 1.3466103425503
272 1.16787948607266
273 1.2992287441714
274 1.34485397947099
275 0.941334696867038
276 1.64638801408329
277 1.51058190172063
278 1.59590600144236
279 1.23440487555735
280 1.17258787490892
281 1.12329888934611
282 1.29639529599281
283 1.06083667514593
284 1.04667337778016
285 1.43977821908074
286 1.27412769009237
287 1.13363212560223
288 1.06142262574556
289 1.12330581152787
290 1.06192696364957
291 1.16045153097085
292 1.16519980277947
293 0.967165517390561
294 1.2636001523174
295 1.35008490427617
296 1.04708974893381
297 1.70166978640973
298 0.960629636220308
299 1.29822770526602
300 0.965887490471724
301 1.29895915538656
302 1.16551032119944
303 1.35061570562995
304 1.06119224698179
305 1.56893209785805
306 1.2771414354168
307 1.26731264469556
308 1.15741260147193
309 1.12033453763263
310 1.64817094526616
311 1.42925881399923
312 1.00200153147322
313 1.29564122842401
314 1.29694795020548
315 1.29485135735293
316 1.29818139559961
317 1.77558132314737
318 1.12218414757556
319 0.961460851161341
320 1.34741805465948
321 0.7896703207701
322 1.02451935471447
323 1.35292229472579
324 1.12260820866532
325 1.33911133998685
326 1.71157117082848
327 0.936192415928844
328 1.09780140258885
329 1.29896647650166
330 0.984553385914735
331 1.35692161526025
332 1.32956999751414
333 1.35688463012401
334 1.57301832179311
335 1.04438608727
336 1.26230108480895
337 1.00103277098457
338 1.77558132314737
339 1.12024759984809
340 1.5954970649674
341 1.34742392871227
342 1.05850349259051
343 1.05987801470883
344 0.966940746378841
345 1.05523749512578
346 1.59132345995377
347 1.27071542588282
348 1.15834689630295
349 0.953874444701555
350 1.20640985561865
351 0.961859994867049
352 0.957425950564203
353 1.11841580614613
354 1.15355778426067
355 1.34984638523812
356 1.22194835955522
357 1.28031207779672
358 1.12226721949307
359 1.3527258738912
360 1.42724779003115
361 1.0553315019891
362 0.883517725367344
363 1.29087856860594
364 1.14028166806492
365 1.59286950943049
366 1.05812045196701
367 1.121750259123
368 1.77558132314737
369 1.26024483062566
370 1.06118900133863
371 1.2992287441714
372 0.967414424975314
373 1.35619298227328
374 1.43354474102132
375 1.26758814761628
376 1.35061570562995
377 0.967414412351501
378 1.12330612247829
379 1.31525267705431
380 1.275908901295
381 1.29619183924837
382 1.26393533948075
383 1.27164237292615
384 1.64766505652952
385 1.1166328736332
386 1.27281632250435
387 1.197886198083
388 1.14300016433052
389 1.2763803035598
390 1.06192696364957
391 1.11544610657542
392 1.59674534308723
393 1.57177724454559
394 1.26392171126631
395 1.16664177050186
396 1.2622572899656
397 0.962564387556292
398 1.35061570562995
399 0.955655114812907
400 1.14908309980035
401 1.22538989390068
402 1.16038783501896
403 0.958931737077526
404 1.12290326765332
405 1.16931507532522
406 1.77558132314737
407 1.19874802882202
408 1.59645906816597
409 1.34690396509637
410 0.967413196042014
411 1.29667476705046
412 1.35744017053475
413 1.12306035983281
414 1.26692151313184
415 1.64788178013513
416 0.967661369689327
417 1.06144233952551
418 1.29244349112551
419 1.27390087901236
420 1.17311507631006
421 1.03391327020101
422 1.77500767551368
423 1.16098412783195
424 0.966723940540506
425 1.05930485009478
426 1.2771414354168
427 0.967661369689327
428 1.16446526273726
429 1.29895941957714
430 0.965856513942568
431 1.27688027509472
432 1.3546954535333
433 1.26785220660113
434 1.35033359558453
435 1.16545566140843
436 0.96718184197692
437 1.68742035623292
438 1.05755327282351
439 1.26811249199056
440 1.17217532976518
441 1.41901710124315
442 1.23471354365781
443 1.23522341316595
444 1.35153523001308
445 1.57210041071997
446 1.29667525708692
447 1.29298365395073
448 1.2455860937296
449 0.967661369689327
450 1.36135396534422
451 1.17186647348951
452 1.70198715851914
453 1.64787829920787
454 1.2349804434375
455 1.26731346872116
456 1.29590873278226
457 0.967661369689327
458 1.57327635817391
459 1.15360032930535
460 1.43505598139042
461 1.12329931632123
462 1.2992287441714
463 1.36145119004302
464 1.5723227598579
465 1.152578397759
466 1.35371598188883
467 1.29512845707416
468 1.26683282937127
469 1.06004649612722
470 1.06024324424794
471 1.35670699452146
472 1.26690089130555
473 1.17285641436066
474 1.64759273916652
475 1.26534970148332
476 1.26240243669
477 1.43977866687548
478 1.27533162762956
479 1.25259068926359
480 1.29613424873163
481 1.59645277315075
482 1.05826392132995
483 1.1645807011959
484 1.35034686632709
485 1.43871640547045
486 1.16195213379248
487 1.16811167252501
488 1.12255046518828
489 1.64761961366535
490 1.23472302166745
491 1.29174681085043
492 1.12175441173524
493 0.966953619863662
494 1.2968864106282
495 1.23380161087402
496 1.23496855037401
497 1.12082924197061
498 1.29539756051414
499 1.35513682380412
500 1.06121294809119
501 1.57209551552033
502 1.2992287441714
503 1.29550119769667
504 1.15982127599852
505 0.999556140587274
506 1.12355862762572
507 1.29894421439281
508 1.23453392903122
509 1.17311980014217
510 1.71186422672637
511 1.06192696364957
512 1.2347799276721
513 1.35625781968784
514 1.27634485986928
515 1.29537882330717
516 1.2771414354168
517 1.36335015890209
518 1.36205486518602
519 1.35480676558759
520 1.29619211031727
521 1.35576619758433
522 1.15778081512299
523 1.43979193582441
524 0.966804662374581
525 1.29575119560179
526 1.17289839881176
527 1.061667205717
528 1.29133124283058
529 1.27202311501898
530 1.3485495996502
531 1.22546943697813
532 1.05793658797589
533 0.966346254023791
534 1.33762863070145
535 1.69519140056754
536 1.12328412790839
537 1.77558132314737
538 0.9255672470525
539 1.11959751872662
540 1.56818932100066
541 1.64817094526616
542 1.35516445385155
543 1.04459430243217
544 0.966914587076068
545 1.15985492460374
546 1.2992287441714
547 1.25869636945081
548 1.43665969225649
549 1.04719537880198
550 1.05803346350929
551 1.23269456897359
552 1.14254507228769
553 1.26147957409029
554 1.16135331987506
555 1.26212614378136
556 1.59254708537972
557 1.35104814691662
558 1.16778517252716
559 1.22849815217753
560 1.32457863014666
561 1.43252700234883
562 1.29442982992321
563 1.06144164887737
564 1.57228771696623
565 1.35462534905295
566 1.23494388814168
567 1.29537316296411
568 1.35744017053475
569 1.2992287441714
570 1.2912158699669
571 1.17311679328411
572 1.12355862762572
573 1.16161973899056
574 1.12281134727965
575 1.43825688791801
576 1.12286194691802
577 1.77558132314737
578 1.29127302402667
579 1.43372988441399
580 0.966810745460291
581 1.39349460863118
582 1.23548548648664
583 1.23286565489363
584 1.64787831442081
585 1.06023660110833
586 1.06166719237093
587 1.59674534308723
588 1.17288895804938
589 1.05894549967649
590 1.59674534308723
591 1.59644928954302
592 1.15878970390413
593 0.967661369689327
594 1.17058452439368
595 1.43095326880353
596 1.16002901810157
597 0.967661369689327
598 1.25906229866039
599 0.966745373174445
600 1.17311518332474
601 1.17288910691387
602 1.35516331956222
603 1.12024323365501
604 0.966479271310438
605 1.12240576587454
606 1.27688038247006
607 1.43669512416389
608 1.29422552697112
609 1.11892512230821
610 0.961219743202904
611 1.29389904370297
612 1.29666897385045
613 0.963783028517837
614 1.34441139407165
615 1.02903850262522
616 1.16851442703564
617 0.967171398332302
618 1.2830198023912
619 1.77558132314737
620 1.34767947568467
621 1.15179026729102
622 1.29896675968518
623 0.965069509744275
624 1.17311676086395
625 1.35061570562995
626 1.04879348283022
627 1.29665422894917
628 1.35209770011209
629 0.966502023141523
630 0.965571127700028
631 1.28923054649137
632 1.17018742695709
633 1.16547660932417
634 1.29894424389715
635 1.12355862762572
636 1.35677567569269
637 1.64737435156977
638 1.23548548648664
639 1.2941090358795
640 1.06167430310272
641 1.06167809063006
642 1.2664225525572
643 1.12265690543149
644 1.17243582404701
645 1.36038878688287
646 1.29492465209162
647 1.35598793243364
648 1.16654481302856
649 1.05202974131697
650 1.5687289358527
651 1.26671955728799
652 1.17285654765644
653 1.34435666373549
654 1.59617956704193
655 1.05534449716233
656 0.967661369689327
657 1.2992287441714
658 1.29080030568799
659 1.17219263911966
660 1.26641062120289
661 0.967157660332816
662 1.17286467477331
663 1.23548548648664
664 1.12171218589083
665 1.05286128886629
666 1.05939189471319
667 1.06192696364957
668 1.15632867233751
669 1.35735296563747
670 1.59674534308723
671 1.26811249199056
672 1.05805180997534
673 1.23271643490433
674 1.2771414354168
675 1.35064704964854
676 1.06147248657887
677 0.963750949391904
678 1.35033982336703
679 1.2992287441714
680 1.29590873278226
681 1.29694795020548
682 1.2735403592436
683 1.05468926579315
684 1.27222337590851
685 1.29872401860531
686 1.06088185023526
687 1.57222792938731
688 0.956115597577385
689 1.26496583017563
690 1.15840822515568
691 0.967157376408887
692 0.967413107167131
693 1.64762305629648
694 1.06043282109559
695 1.16259829347767
696 1.35463915591587
697 1.27688011385824
698 1.35033975200443
699 1.77558132314737
700 1.36280168359345
701 1.06144190249561
702 1.06093959196649
703 1.35584142382468
704 1.26714064258937
705 1.17311949818415
706 1.77503841779141
707 1.2954483249623
708 1.35689024151035
709 1.1728471028324
710 1.25882749585772
711 1.05954319015517
712 1.27647539840952
713 1.70946964875239
714 1.2653205649098
715 1.06097202877834
716 0.959302301018836
