"POS" "KL"
1 1.29033963527466
2 0.984777766256066
3 1.11146352162818
4 0.974317993148796
5 1.20089158066187
6 1.40592108718851
7 0.982887875166761
8 0.974975176921875
9 1.4382786353314
10 1.01743000253756
11 1.28566573282189
12 0.975601988388799
13 1.08283597800837
14 1.17722762531278
15 1.26315675303069
16 1.03651654052645
17 0.967820088977155
18 0.963690373441336
19 0.753376338645694
20 0.998870822134327
21 0.962506962094394
22 1.34723030261384
23 1.38593240480149
24 1.60422985284816
25 1.24114863494569
26 1.18074222655787
27 0.949280711475427
28 1.13588008412942
29 0.940103890326928
30 1.12406496892173
31 1.31752020534247
32 1.27411184242641
33 0.976889513285151
34 1.47756220653406
35 1.32203752654466
36 0.998071621088535
37 1.12195163273428
38 1.02509393493402
39 1.10668057381353
40 0.949494406231128
41 1.00538618441772
42 1.87032012442089
43 1.20791180835023
44 0.963944255575446
45 1.10540367633138
46 1.03695811466416
47 1.09808908808029
48 1.10561665236507
49 1.12851926029984
50 1.02306754546764
51 1.19126938693009
52 1.27353248975749
53 1.13775509281727
54 1.21023922760173
55 1.1462478186233
56 1.13500952920857
57 0.949264193413752
58 0.940737315801523
59 1.24131283224409
60 0.965147931197825
61 1.4258855737809
62 0.923977650772045
63 1.23442981232163
64 0.946500928786066
65 1.03557963409546
66 1.11073346494097
67 0.986641890762808
68 0.925982430529073
69 1.02212251585239
70 1.25977691565905
71 1.1431727204745
72 0.941825966437625
73 0.935396249571942
74 1.13715892292255
75 1.02661829764058
76 1.24607187731251
77 1.15595571645306
78 0.946209831366458
79 0.991107982841367
80 1.14940031005392
81 0.995756174003787
82 1.00548652949699
83 1.01325672860043
84 0.857552418362576
85 0.909152193082908
86 1.28915466297511
87 1.31001698081302
