"POS" "KL"
1 1.3065138201456
2 1.33496022640137
3 1.31024981259911
4 1.18655979729054
5 1.37339057104753
6 1.09366807612426
7 1.12940131274013
8 1.1285499277067
9 1.35940963254783
10 1.12770903867525
11 1.14927229635419
12 1.06646051621067
13 1.37301799009355
14 1.26700997992167
15 1.38898977510897
16 1.18588675390699
17 1.27348473074034
18 1.20693658896876
19 1.18057524115659
20 1.09070382180701
21 1.10434568653847
22 1.35994531663775
23 1.37427196973646
24 1.47946064802123
25 1.10461895329069
26 1.21248171105765
27 1.33695607037369
28 1.37427196973646
29 1.37427196973646
30 1.47873077054855
31 1.17891217211831
32 1.8779262508989
33 1.21248171105765
34 1.10363448166355
35 1.21195889796867
36 1.10461895329069
37 1.21248171105765
38 1.4745556681507
39 1.10211162778167
40 1.30045438970293
41 1.3360492427487
42 1.10461895329069
43 1.31226730551072
44 1.18683278232077
45 1.18391750719285
46 1.10461895329069
47 1.87792657660251
48 1.38603148126469
49 1.47920536511998
50 1.18030163248853
51 1.20685503176447
52 1.00613439657674
53 1.21192532758481
54 1.00615618137768
55 1.92468334991448
56 1.09624357820084
57 0.907714749222498
58 1.18877438590747
59 1.10385395045349
60 1.20827621879359
61 1.10407180711896
62 1.21049147749282
63 1.27294243701828
64 1.36498546960999
65 1.38784343734586
66 1.12983205536418
67 1.18850419672837
68 1.37427196973646
69 1.18391818301414
70 1.33749119768223
71 1.21248171105765
72 1.37398116015739
73 1.13024304152175
74 1.37398676200609
75 1.14747764949764
76 1.33349198375715
77 1.18645237195896
78 1.20803101530836
79 1.37371734263115
80 1.17495160641415
81 1.21248171105765
82 1.47946064802123
83 1.27293988968031
84 1.38898977510897
85 1.10461895329069
86 1.33642972420966
87 1.87873633335376
88 1.31255286415903
89 1.12998943374692
90 1.20883186481708
91 1.27372600444241
92 1.29849697192605
93 1.27017959345196
94 1.35135313579315
95 1.13051000038535
96 1.2052535406985
97 1.20281530575391
98 1.17644269180792
99 1.876789525453
100 1.37347183618259
101 1.21192148114901
102 1.20692598918527
103 1.36023108339619
104 1.20564483307724
105 1.18174609731792
106 1.18030169185415
107 1.87710943327634
108 0.995530538651182
109 1.20855290315122
110 1.10368725031139
111 1.29586972466791
112 1.2078206914
113 1.24767041120284
114 1.31017460425836
115 1.38873987466244
116 1.38869628600073
117 1.10435588316862
118 1.18339111141666
119 1.30885148370423
120 1.33749119768223
121 1.14697055093506
122 1.13028467880987
123 1.10119630094261
124 1.38844647287174
125 1.21248171105765
126 1.18169561292912
127 1.38898977510897
128 1.10461895329069
129 1.47680258916595
130 1.33749119768223
131 1.92468334991448
132 1.10461895329069
133 1.13006711783835
134 1.1869078822322
135 1.1827213136599
136 1.18879240683674
137 1.38898977510897
138 1.37368582988112
139 1.27371360076332
140 1.27371983201091
141 1.10243253301748
142 1.27372598940288
143 1.13078595039284
144 1.27400287364804
145 1.18878382432186
146 1.10461895329069
147 1.20598929283516
148 1.20829207920395
149 1.31111998950255
150 1.36015619794736
151 1.18223311863149
152 1.16905814290129
153 1.18876980038192
154 0.977185196577102
155 1.13051133702935
156 0.961368781143687
157 1.26454637110592
158 1.18200974119134
159 1.20451652226525
160 1.18029147575049
161 1.21220077213042
162 1.18391750719285
163 1.13007787591348
164 1.19000515313154
165 1.33722042634656
166 1.35926083209395
167 1.13051127739891
168 1.14969454840554
169 1.33749119768223
170 1.31226728994682
171 1.29848362917182
172 1.19417502174234
173 1.18030158794661
174 1.28198076337804
175 1.05270902201854
176 1.01007254930661
177 1.07177342651648
178 1.20126443455644
179 1.0598162328529
180 1.20300012020352
181 1.10349519599024
182 1.09713817779982
183 1.10410877281756
184 1.87824713107436
185 1.36073908254837
186 1.38898977510897
187 1.18339094067649
188 1.14983703126139
189 1.18178401816912
190 1.18076130514636
191 1.2979175469097
192 1.18110186137084
193 1.33749119768223
194 1.18419153405291
195 1.16094367912002
196 1.10434473100142
197 1.14834089543677
198 1.14876695257951
199 1.30501776487009
200 1.07368273721018
201 1.10461895329069
202 1.38749073682921
203 1.18286957627183
204 1.10407654751605
205 1.20223859042461
206 1.21220060388853
207 1.14934617243421
208 1.14301721359844
209 1.14917565137477
210 1.29694905410449
211 1.03312359380797
212 1.12192972346483
213 1.05966229353363
214 1.14856766795357
215 1.17257973991139
216 1.05311604440536
217 1.47898588301944
218 1.12808254071159
219 1.20557587018024
220 1.18272029020592
221 1.27317484679895
222 1.13078595039284
223 1.10434407318677
224 1.13078595039284
225 1.18905410517675
226 1.10388026319235
227 1.3065138201456
228 1.10434969501043
229 1.15033010292709
230 1.33720424059686
231 1.27371974258683
232 1.20856322400306
233 1.18363976766288
234 1.21195511049911
235 1.15059385108734
236 1.13024251124812
237 1.1492841919504
238 1.18391750719285
239 1.18391750719285
240 1.27344437790985
241 1.20647626674599
242 1.27326852144036
243 1.10461895329069
244 1.37427196973646
245 1.21248171105765
246 1.30569999659712
247 1.38869480750577
248 1.20720970536658
249 1.18391750719285
250 1.21248171105765
251 1.36046668037551
252 1.31255286415903
253 1.47617701663187
254 1.35808267737453
255 1.31202523779998
256 1.20828063010499
257 1.07058524774029
258 1.1302847298283
259 1.27321958946345
260 1.18162139031043
261 1.16980426878829
262 1.20665075127022
263 1.87777406169068
264 1.20291444224703
265 1.14941721937822
266 1.13051097883956
267 1.20854883950102
268 1.38741542558374
269 1.18006352030233
270 1.21220590464985
271 1.13078595039284
272 1.37427196973646
273 1.3104958494863
274 1.21248171105765
275 1.21248171105765
276 1.18905410517675
277 1.20856007404455
278 1.15087130651758
279 1.1503288367187
280 1.27295395289104
281 1.15031790096497
282 1.13078595039284
283 1.27344048975576
284 1.18802514918035
285 1.3122624370026
286 1.31255286415903
287 1.18363964676409
288 1.15087130651758
289 1.3065138201456
290 1.30536706254802
291 1.09948781122452
292 1.1821325876372
293 1.18030722417095
294 1.38765452326885
295 1.33749119768223
296 1.10192243898941
297 1.20883186481708
298 1.18537178523585
299 1.17876626870547
300 1.36044560200839
301 1.10434540436074
302 1.20619359256331
303 1.10434366937453
304 1.21248171105765
305 1.33749119768223
306 1.18746769344941
307 1.1043556270486
308 1.15031777213315
309 1.92407115524759
310 1.18905410517675
311 1.20883186481708
312 1.18881597867429
313 1.38898977510897
314 1.18714556034625
315 1.37324008326245
316 1.18315890650371
317 1.29924781838019
318 1.36044574649597
319 1.13078595039284
320 1.27244745257014
321 1.30594922369911
322 1.20461168868545
323 1.10434223027769
324 1.47946064802123
325 1.20039931653871
326 1.10380727712689
327 1.06125303779478
328 1.17664765752879
329 1.38898977510897
330 1.37427196973646
331 1.20323411259093
332 1.92468334991448
333 1.35522207069426
334 1.18335176536975
335 1.18905410517675
336 1.18709226934742
337 1.12979639391902
338 1.18029761163928
339 1.14283369114632
340 1.27400287364804
341 1.37427196973646
342 1.20605228622746
343 1.3065138201456
344 1.36044545737212
345 1.18057524115659
346 1.18905410517675
347 1.15087130651758
348 1.30525126463523
349 1.26930457003935
350 1.17949676838694
351 1.12617560289892
352 1.21248171105765
353 1.11740595439252
354 1.21248171105765
355 1.47838942280204
356 1.30623230753903
357 1.36045661331504
358 1.20680913780403
359 1.18029762674216
360 1.14820623298232
361 1.0110265391037
362 1.30593824916686
363 1.14289094542615
364 1.04236653681816
365 1.18391750719285
366 1.10434399850032
367 1.38789826467298
368 1.20498266596718
369 1.36954715121851
370 1.27002515904617
371 1.20732668943009
372 1.27675252317431
373 1.12808097903263
374 1.24029726852114
375 1.02007659757002
376 1.20584972657071
377 1.33489530614796
378 1.13051659105408
379 1.13793111474434
380 1.47868129214293
381 1.36046629528993
382 1.18826697746405
383 1.08639193759313
384 1.1700553185925
385 1.10434519604948
386 0.93710630460562
387 1.13515339679164
388 1.14850327260961
389 1.2056238195474
390 1.2056163492771
391 1.14586262672273
392 1.20406200652195
393 1.18122328043249
394 1.37326319253093
395 1.12977665024391
396 1.13000611538678
397 0.9696923680269
398 1.32150881201123
399 1.20877164412732
400 1.10095951473008
401 1.27348467479418
402 1.18003345055644
403 1.13078595039284
404 1.18057524115659
405 1.37427196973646
406 1.21248171105765
407 1.30622696094181
408 1.3065138201456
409 1.3065138201456
410 1.21248171105765
411 1.3065138201456
412 1.36044927649235
413 1.18807146438303
414 1.30594919293431
415 1.13078595039284
416 1.18057524115659
417 1.10461895329069
418 1.31090699500777
419 1.13078595039284
420 1.21248171105765
421 1.31227103500483
422 1.17872304148412
423 1.2027302928706
424 1.1300650302753
425 1.18878353111573
426 1.12809812098659
427 1.21248171105765
428 1.38794403015927
429 1.14969322882744
430 1.00802227450363
431 1.47431439342623
432 1.103400908735
433 1.14888917486845
434 1.10461895329069
435 0.845815998757717
436 1.47894950392487
437 1.92374991852064
438 1.92468334991448
439 1.33666321066451
440 1.21248171105765
441 1.12941678334593
442 1.38870940724894
443 1.18057524115659
444 1.18057524115659
445 1.33642728403209
446 1.33648110921022
447 1.36017353083436
448 1.27294157609513
449 1.13078595039284
450 1.20642585439733
451 1.30667853881534
452 1.18876964541549
453 1.27371785874524
454 1.34361421591549
455 1.18177872499317
456 1.69923446111864
457 1.06905268849324
458 1.2119586155174
459 1.204893266351
460 1.38795934430979
461 1.2714334903109
462 1.21220064979358
463 1.31202982099582
464 1.32273936412359
465 1.17870658956194
466 1.36000875725153
467 1.47828761755639
468 1.18391750719285
469 1.09149017248399
470 1.87813048624053
471 1.14957889439323
472 1.13078595039284
473 1.14917079536251
474 1.21248171105765
475 1.20605511828324
476 1.18877447714346
477 1.3065138201456
478 1.1802966144501
479 1.15013017223092
480 1.13851848904234
481 1.15035309043226
482 1.18057524115659
483 1.47946064802123
484 1.20415262496408
485 1.18905410517675
486 1.01120921909726
487 1.10461895329069
488 1.21248171105765
489 1.10461895329069
490 1.36018933555155
491 1.20752267415124
492 1.35986789462197
493 1.10461895329069
494 1.1803379446843
495 1.35829726413276
496 1.36018759950903
497 1.4779608050653
498 1.18391750719285
499 1.47739171492515
500 1.21192154206843
501 1.36073908254837
502 1.31148719532126
503 1.27267873559795
504 1.18878388288322
505 1.36044621105839
506 1.18005700020884
507 1.3046783045597
508 1.20810363870014
509 1.12956420073839
510 1.37293353726957
511 1.17794634333314
512 1.35938000576511
513 1.21248171105765
514 1.31095282245761
515 1.17297666432474
516 1.21192784947093
517 1.27343220560782
518 1.18905410517675
519 1.20883186481708
520 1.18057524115659
521 1.27266146193681
522 1.33720463150737
523 1.30597066251456
524 1.17708961604175
525 1.20246868074346
526 1.21220863407371
527 1.30100129850045
528 1.10411719052231
529 1.31227342793998
530 1.20626299758474
531 1.13810717864903
532 1.18801742663651
533 1.18657981630803
534 1.30622424598271
535 1.20154644009161
536 1.18905410517675
537 1.1868578878414
538 1.33648850207781
539 1.13051148598694
540 1.21248171105765
541 1.37402312562098
542 1.27373072007307
543 1.1043446462744
544 1.27344507600962
545 1.38874000883255
546 1.29639352608645
547 1.27244892115686
548 1.12999683021353
549 1.38815502669786
550 1.12957142038655
551 1.36073908254837
552 1.20536679053709
553 1.15059374543201
554 1.33691578472066
555 1.47946064802123
556 1.18391750719285
557 1.47946064802123
558 1.1038402227228
559 1.47946064802123
560 1.18391750719285
561 1.87841733009777
562 1.87793783632821
563 1.15867599865242
564 1.21248171105765
565 1.33695403234774
566 1.09649512652314
567 1.38535451124156
568 1.20483887994285
569 1.38507246252003
570 1.10388277699739
571 1.18124588766498
572 1.18363648298617
573 1.17845732180684
574 1.35802855036753
575 1.20883186481708
576 0.995896708661895
577 1.14314767259073
578 1.14509709073103
579 1.13027312817196
580 1.92468334991448
581 1.30854038991125
582 1.38869651033769
583 1.10435010301757
584 1.21780305242815
585 1.18001283408802
586 1.14301101902231
587 1.12288415731716
588 1.21248171105765
589 1.12895111976136
590 1.13078595039284
591 1.30340438122681
592 1.17817211088653
593 1.3372046939498
594 1.21248171105765
595 1.21192562977137
596 1.37302822042335
597 1.18905410517675
598 1.12950769260549
599 1.47892441068693
600 1.18905410517675
601 1.20620419904316
602 1.18364989884383
603 1.1882470232564
604 1.12823809563981
605 1.87766654962959
606 1.20446142260862
607 1.37348570883185
608 1.20592414794368
609 1.30737717783681
610 1.87612711718924
611 1.12931638240475
612 1.15087130651758
613 1.92468334991448
614 1.1951215007554
615 1.13051782751124
616 1.3065138201456
617 1.33720467834185
618 1.16820728010448
619 1.32030864341089
620 1.47946064802123
621 1.062077151902
622 1.21192937258249
623 1.18363824776931
624 1.13000839871337
625 1.87843336346846
626 1.18808026812971
627 1.372147136419
628 1.12771236596564
629 1.18905410517675
630 1.37397828716545
631 1.36044606704833
632 1.30999878528357
633 1.16310504538073
634 1.87424702055902
635 1.14921236604516
636 1.20411054066511
637 1.19600751205753
638 1.17608621509095
639 1.17895624887142
640 1.29875579979692
641 1.18877458350678
642 1.14085771827466
643 1.25750784886637
644 1.30877530288587
645 1.12399143755178
646 1.24985584568359
647 1.37314591633346
648 1.26356084563161
649 1.87703978531538
650 1.21221018749138
651 1.37427196973646
652 1.20721006116541
653 1.14886171334504
654 1.02717840072839
655 1.28069148259779
656 1.20855305470631
657 1.47946064802123
658 1.33691794186313
659 1.27268290303008
660 1.30848889378177
661 1.27063207584874
662 1.10383206621714
663 1.10335073853245
664 1.87824713107436
665 1.18057524115659
666 1.92440152199144
667 1.06607045383773
668 1.36905705073461
669 1.14979387783269
670 1.18339125361144
671 1.18905410517675
672 1.18368003173261
673 1.18057524115659
674 1.2064770915979
675 1.13078595039284
676 1.18905410517675
677 1.10434441619808
678 1.17694001281822
679 1.38804630154014
680 1.17204213710981
681 1.21220864887862
682 1.20090278398682
683 1.13003872975999
684 1.20883186481708
685 1.33749119768223
686 1.20856050113649
687 1.38168451711808
688 1.30268490933087
689 1.47858409987286
690 1.3879419419677
691 1.01466980866306
692 1.87873633335376
693 1.87841558290581
694 1.17857690682302
695 1.12950024800528
696 1.36073908254837
697 1.20750951606962
698 1.13544169617747
699 1.36073908254837
700 1.36044613107105
701 1.37398119190444
702 1.17977813554493
703 1.18013667282435
704 1.17874040901724
705 1.47733848954926
706 1.18250091427178
707 1.18364002420765
708 1.37325319183686
709 1.30404482506722
710 1.21248171105765
711 1.20427373860533
712 1.18057524115659
713 1.17949238517403
714 1.30516317630091
715 1.30625222258606
716 1.20748287266257
717 1.27400287364804
718 1.30594980756498
719 1.28282764428936
720 1.18006948785548
721 1.18277256883306
722 1.27099119091844
723 1.17668032359871
724 1.20669996490189
725 1.33671252827735
726 1.27294243701828
727 1.18391750719285
728 1.15524092791368
729 1.33417955739675
730 1.35314487572676
731 1.20883186481708
732 1.18057524115659
733 1.21055887733958
734 1.18127385148828
735 1.19615199329202
736 1.09279130887702
737 1.12075338753253
738 1.20568208537274
739 1.17697323704019
740 1.35882773227145
741 1.03004403953781
742 1.20761052391876
743 1.2057765194404
744 1.28078216847626
745 1.14823123092584
746 1.12347807554306
747 1.8775339657083
748 1.17320053172087
749 1.10320785350756
750 1.2066537051497
751 1.20830170635934
752 1.08445550394564
753 1.12177273290332
754 1.17935306648262
755 1.18303022266287
756 1.38607146627851
757 1.12794766277126
