"POS" "KL"
1 1.35800384171606
2 1.16076362628464
3 1.09678137800928
4 1.16875289440607
5 1.21603947403666
6 1.15874741635005
7 1.08184866861302
8 1.10132659765532
9 1.20532505371088
10 1.08295949641582
11 1.35702437351417
12 1.14659805671853
13 1.33391699802999
14 1.14813948868126
15 1.10137437970531
16 1.15906100016001
17 1.10067233274393
18 1.16455621603663
19 1.17037793298721
20 1.08213039760952
21 1.15607344879394
22 1.20455950416115
23 1.15249291170517
24 1.160522223336
25 1.09058126974153
26 1.34903554287567
27 1.87834120787708
28 1.35800384171606
29 1.22886263760185
30 1.1698241319786
31 1.17098142979094
32 1.21824723267902
33 1.20594578136203
34 1.67482463626847
35 1.16027073983057
36 1.14994356763595
37 1.18993866403712
38 1.10088214273012
39 1.3360591447178
40 1.16455621603663
41 1.21765542154004
42 1.37443415110625
43 1.43160688049278
44 1.07472206330725
45 1.08346894308173
46 1.10132840755842
47 1.35587429142138
48 1.21875625861787
49 1.8798657244361
50 1.3554634438954
51 1.35744358483368
52 1.22958354617485
53 1.35691209574059
54 0.912921702179059
55 1.67361177422719
56 1.4301979591628
57 1.17056814428956
58 1.15940545413361
59 1.22851365101851
60 1.33781270932729
61 1.2122032711576
62 1.0728787752337
63 1.1680956441304
64 1.17884825753308
65 1.12221747813597
66 0.942254428472016
67 1.14303925360507
68 1.43189400598213
69 1.1635419060653
70 1.09807700329483
71 1.37443059612324
72 1.16252545131808
73 1.29232585735684
74 1.19762760787313
75 1.3342701357095
76 1.14567762291686
77 1.08308327225805
78 1.87986614996938
79 1.14647741520056
80 1.21575185456934
81 0.767142074311146
82 1.33335834845114
83 1.34930934396242
84 1.2296152353556
85 1.19990143154688
86 1.15042651664947
87 1.3407155329732
88 1.1013198093702
89 1.08354742746534
90 1.34691388127464
91 0.995530529918796
92 1.15022551365398
93 1.42733395602293
94 1.08267443943358
95 1.22960425813633
96 1.08036451061156
97 1.160522223336
98 1.87992775927582
99 1.8801774255202
100 1.3741926414738
101 1.1002803928241
102 1.36202397567754
103 1.20017768394403
104 1.42794386405027
105 0.990207615168417
106 1.03613545744841
107 1.06314414276024
108 1.1564887528464
109 0.97040133794589
110 1.87752331638514
111 1.67560259106157
112 1.42803287599355
113 1.21802665712973
114 0.962255994439584
115 1.6756026341903
116 1.21512890403264
117 1.15855073439119
118 1.67562418984065
119 1.4985865813432
120 1.13666140495656
121 1.2123210909507
122 1.07607748096818
123 1.16180149005487
124 1.09991187096709
125 1.08348795981955
126 1.21671061500913
127 1.79284371916098
128 1.19955054302715
129 1.15410185681069
130 1.49916718767823
131 1.19931817588855
132 1.43136992948873
133 1.0911253941025
134 1.87524192470041
135 1.49891051360599
136 1.10009836958937
137 1.37058116123021
138 1.33577901040088
139 1.08801990032978
140 1.21849927246247
141 1.17011075799163
142 1.10109523412417
143 1.09885526646345
144 1.09911035989068
145 1.08975255082024
146 1.34851382872584
147 1.01271906809645
148 1.37272162833383
149 1.43189400598213
150 1.19990024103139
151 1.87722570386084
152 1.2257073504937
153 1.34677061478478
154 1.0670392618946
155 1.13811143838192
156 1.21934689377584
157 1.21123488354485
158 1.1635496340304
159 1.22962338546722
160 1.33529740869446
161 1.34606880008357
162 1.09088034883602
163 1.16968036899411
164 1.35720116954511
165 1.16455621603663
166 1.09030878338424
167 1.09161531827437
168 1.49682559862419
169 1.43189400598213
170 1.37444209348069
171 1.16455621603663
172 1.09074648679617
173 1.20044280974371
174 1.22914555550588
175 1.09946815608028
176 1.1663555131936
177 1.08346949795368
178 1.15687075754199
179 1.14951095071589
180 1.16360463474169
181 1.15019488359934
182 1.33554228554508
183 1.07823993467924
184 1.05520644027823
185 1.16528093732849
186 1.15953953920351
187 1.21404644792928
188 1.15894916206354
189 1.2182953278564
190 1.21807783607423
191 1.13974793216442
192 1.16338412864743
193 1.08327988970134
194 1.29237378074207
195 1.07932867289832
196 2.18013655162188
197 1.21592562902521
198 1.16826400793927
199 1.07270202489888
200 1.43189400598213
201 1.08373113416956
202 1.35375761887072
203 1.08997228782553
204 1.22986008236868
205 1.67450369519678
206 1.35716242624111
207 1.08346510882642
208 1.16381528712877
209 1.10132124654587
210 1.16429284542162
211 1.08241040967293
212 1.08825578202437
213 1.10105478243322
214 1.21140078360448
215 1.1587273595701
216 1.0976686344423
217 1.49916718767823
218 1.08348828330699
219 1.43189400598213
220 1.08764872445205
221 1.20023930035515
222 1.20017066250786
223 1.20044280974371
224 1.15707326189303
225 0.913043099724389
226 1.14991024373009
227 1.05347623383649
228 1.67559440068117
229 1.17196195113373
230 1.16429287260256
231 1.09109648483362
232 1.08346848708272
233 1.87834120787708
234 1.08281238814451
235 1.160522223336
236 1.33491148717029
237 1.20017430535921
238 1.15790566096243
239 2.18007661315512
240 1.87986940400554
241 1.16429181284566
242 1.3360591447178
243 1.34781803055917
244 1.67587947456712
245 1.15999397546415
246 1.43189400598213
247 1.20044280974371
248 1.20017073295518
249 1.13227933647287
250 1.08989114099119
251 1.06065132722899
252 1.37415240318269
253 1.34831889608386
254 1.34878452781673
255 1.06198413921202
256 1.34679939733172
257 1.3348238407358
258 1.15042920286926
259 1.08351002066759
260 1.17147093105476
261 1.16816682090031
262 1.22934950589704
263 1.22707211435509
264 1.10132125993279
265 1.32766340810308
266 1.16699339434854
267 1.08459833493165
268 1.10067911652659
269 1.10087528157074
270 1.2219727648135
271 1.22079223715769
272 1.09161531827437
273 1.150692830178
274 1.21169029807675
275 1.34875739560591
276 1.43161151604394
277 1.08296087911099
278 1.22726121999127
279 1.14973536080798
280 1.0834697138228
281 1.08323340020446
282 1.16261191522232
283 1.35507469528278
284 2.18008670397318
285 1.87285454627811
286 1.14562729548711
287 1.16025967279906
288 1.33079123064851
289 1.16733748443399
290 1.19907389037711
291 1.199009556544
292 0.921749883921975
293 0.87220184647819
294 1.35269874406606
295 1.08030040064852
296 1.33925030174705
297 1.1695226530967
298 1.08085911430094
299 0.867746923518541
300 1.33490819426065
301 1.37418594001435
302 1.43010489574872
303 1.15735056427631
304 1.16377277150944
305 1.16455621603663
306 1.33550604902521
307 1.22985945247599
308 1.08237510938507
309 1.29912466266428
310 1.17121818815208
311 2.18004505465153
312 1.21807520003368
313 1.22985608719476
314 1.22918356951078
315 1.04169494657991
316 1.20017069069136
317 1.08129268321934
318 1.09825956749291
319 1.16907983866658
320 1.15021954520396
321 1.15042683317897
322 1.150692830178
323 1.49779311081821
324 1.15023125730007
325 1.49862058740496
326 1.20044280974371
327 1.19813912571759
328 1.49862061571979
329 1.15751412317146
330 1.49862118026105
331 1.21929075103537
332 1.09947102475609
333 1.15919332715717
334 1.14863484068562
335 1.20044280974371
336 1.1487886863034
337 1.14995272728113
338 1.02541868824854
339 1.2127691707846
340 1.02634836901928
341 1.16302162925816
342 1.1643001323459
343 1.1637570196021
344 0.971832179665444
345 1.08373113416956
346 1.160522223336
347 1.20017772506351
348 1.37390717204569
349 1.08346943041802
350 1.3360591447178
351 1.15442705496291
352 1.08326319421191
353 1.1894068098327
354 0.847566330395985
355 0.950870577669754
356 1.08312368581818
357 1.87776735879475
358 1.16091210763512
359 1.1999564824088
360 1.66554573489399
361 1.16455621603663
362 1.16402785720056
363 1.49731378706702
364 1.15976159869091
365 1.35058109330983
366 1.08956441012115
367 1.20017773876704
368 0.957971971460146
369 1.09512331287519
370 1.22907690452669
371 1.15954280917701
372 1.22935206864515
373 1.17151121760246
374 1.06883745114002
375 1.06107163422864
376 1.2190229263058
377 1.22789283026519
378 1.16004750339474
379 1.09859514762135
380 1.10105985340513
381 1.08373113416956
382 1.14072815445086
383 1.33562174940271
384 1.08146873601743
385 1.17056224043109
386 1.08740459192142
387 1.14809647899632
388 1.19993231338928
389 1.04928828255891
390 1.34366216973152
391 1.15433841844273
392 1.33235054748676
393 1.14995154957444
394 1.16784798193127
395 1.08288961520995
396 1.16340321668287
397 1.22714288762064
398 1.14423925871128
399 1.03394742957673
400 1.08999660486955
401 1.22810019603949
402 1.35441453631241
403 1.08992772351524
404 1.49916718767823
405 1.14798594788102
406 1.33552127584398
407 1.16429997404829
408 1.34780148789504
409 2.17444030656249
410 1.34827350360973
411 1.07637655407734
412 1.21855198506428
413 1.2291236301727
414 1.08586666753873
415 1.10158103026188
416 1.19993796657259
417 1.34904402854387
418 1.08267481177834
419 1.37471025021959
420 1.49916718767823
421 1.09064332278393
422 1.37321410199032
423 1.10132097850384
424 1.22911684093734
425 1.37443127289004
426 1.3360591447178
427 1.10132763690572
428 1.08373113416956
429 1.37471025021959
430 1.43164115475713
431 1.35747336697918
432 1.87758790575352
433 1.3360591447178
434 1.0823874971649
435 1.08322127926455
436 1.10132888824272
437 1.87804352187237
438 1.49916718767823
439 1.33543324359722
440 1.21855194717477
441 1.34389917810089
442 1.22843001197085
443 1.19444144333565
444 1.08021201680505
445 1.08373113416956
446 1.49760291068941
447 1.19463028864463
448 1.37155278943708
449 1.8801774255202
450 1.20044280974371
451 1.08715089076444
452 1.16381337603753
453 0.758613939475443
454 1.16992200652997
455 1.34779469393724
456 1.30744563239809
457 1.089635001762
458 1.3569287710128
459 1.20044280974371
460 1.35665771004759
461 1.12717026515833
462 1.20021480593544
463 1.13638324082983
464 1.08064446432881
465 1.42723929786148
466 1.34549545145166
467 1.35041805280697
468 1.1571668278977
469 1.43161122212184
470 1.14768122154678
471 1.14176775742086
472 1.1631755647944
473 1.33208581907812
474 1.15042622695526
475 0.958384909272314
476 1.10002151642188
477 1.19809944709323
478 1.02650903834517
479 1.09911104117148
480 1.06945931867942
481 1.15042890319951
482 1.21433542400512
483 1.35055363898623
484 1.20044280974371
485 1.09064717756106
486 1.34930934396242
487 1.16268933708295
488 1.67488876064297
489 1.14984271838829
490 1.0377107371376
491 1.03257136803537
492 1.16340528846658
493 1.08183653623549
494 1.08729355801249
495 1.07821244962284
496 1.09092052292253
497 1.14244929153905
498 1.17105747938087
499 1.34856494435766
500 1.09961748105765
501 1.49845919313235
502 1.08373113416956
503 1.1008826056405
504 1.08753293306823
505 1.09712026677146
506 1.34879596724733
507 1.33377958248581
508 1.0969721446672
509 1.19993959926392
510 1.37189755404514
511 1.04880985155711
512 1.08302775441532
513 1.08373113416956
514 1.15042665436776
515 1.43084510862893
516 1.16429925817129
517 1.16406328807985
518 1.08481746305098
519 1.14968420716154
520 1.16455621603663
521 1.15918108337209
522 1.33506152593143
523 1.19966716330864
524 1.14217856515929
525 1.16455621603663
526 1.17714567003793
527 1.08346483368023
528 1.160522223336
529 1.17124986098778
530 1.16025615453999
531 1.67587947456712
532 1.12741022574767
533 1.150692830178
534 1.150692830178
535 1.30451113143786
536 1.35719538697521
537 1.87927730627665
538 1.16429151221794
539 1.16823342509865
540 1.37418553392263
541 1.20044280974371
542 1.43090009250866
543 1.16429149853605
544 1.15019478132467
545 1.08975640909908
546 1.08346945743666
547 0.963560539577656
548 1.37416252996109
549 1.160522223336
550 1.67587947456712
551 1.3355499084367
552 1.8801774255202
553 1.16831545994036
554 1.16950787931483
555 1.09707356999114
556 1.36555198281883
557 1.8801774255202
558 1.16455621603663
559 0.965054028864346
560 1.08581918620372
561 1.21929075103537
562 1.14140802081074
563 1.33330089691457
564 1.8801774255202
565 1.15019480689747
566 1.33509392600271
567 1.20189456084909
568 1.43189400598213
569 1.13393288269819
570 1.34327205088974
571 1.08247083883813
572 1.67587947456712
573 1.37344238919349
574 1.21569312074623
575 1.34906834831313
576 1.16361082075926
577 1.49862118026105
578 1.16296486664598
579 1.4311280230228
580 1.49916718767823
581 1.3360591447178
582 1.15045626732833
583 1.08262298040758
584 1.07972750684133
585 1.43136764579066
586 1.21277346778264
587 1.23013049323982
588 0.993899564813488
589 1.10028808208772
590 1.00437990086171
591 0.977017687209335
592 1.67587947456712
593 1.15017542170048
594 1.20044280974371
595 1.49916718767823
596 1.09064416816469
597 1.10158103026188
598 1.15708345114236
599 1.0834845017291
600 1.49887751663983
601 1.3360591447178
602 1.3360591447178
603 1.35800384171606
604 1.10158103026188
605 1.34930934396242
606 1.09108986511207
607 1.08141657227795
608 1.19993183468659
609 1.16002249740684
610 1.4983649258646
611 1.34763703883089
612 1.1588245632022
613 0.911162467618062
614 1.33562230164244
615 1.16957446473765
616 1.17078155572724
617 1.21929075103537
618 1.08373113416956
619 1.08346972730224
620 1.43189400598213
621 1.4988808960504
622 1.22779281245342
623 1.23013049323982
624 1.22861447607746
625 1.43135580115344
626 1.43189400598213
627 1.0215341884801
628 1.33340468127685
629 1.14917291493378
630 1.09898220053283
631 1.3550018775975
632 1.33532148545201
633 1.49888213619929
634 1.150692830178
635 1.150692830178
636 1.07932411465422
637 1.15611112915215
638 1.09004351984054
639 1.37268684811305
640 1.09114712378193
641 1.10132022680081
642 1.20044280974371
643 1.14417983527954
644 1.19928152232628
645 0.964343238983328
646 1.10099625337387
647 1.16977057568735
648 1.08012380602904
649 1.07921521621006
650 1.10108809321708
651 1.20044280974371
652 1.3720311647759
653 1.150692830178
654 1.4288120052445
655 1.08488930264822
656 1.49916718767823
657 1.3744323006857
658 1.67533954253684
659 1.3714782875774
660 1.14245138231105
661 1.07115307791972
662 1.14776319990644
663 1.21421302171741
664 1.09692367589263
665 1.08278573464279
666 1.14480443714549
667 0.867626827527207
668 1.08168663741039
669 1.2001701936646
670 1.21297033923331
671 1.34611805973594
672 1.23013049323982
673 1.19993296966888
674 1.06949033148942
675 1.08267587409305
676 1.10794821981382
677 1.15472354826758
678 1.34829781479077
679 1.42955933472525
680 1.34161534066493
681 1.16455621603663
682 1.16711185632853
683 1.14398992847609
684 1.01989036799726
685 1.19939097683571
686 1.09011142552798
687 1.16455621603663
688 1.15020956728142
689 1.23013049323982
690 1.09161531827437
691 1.08373113416956
692 1.10057075313758
693 1.20044280974371
694 1.49916718767823
695 1.08348832057431
696 1.17219875139689
697 1.05725535790635
698 1.19699142720654
699 1.21092842164408
700 1.1637981751992
701 1.34557752667685
702 1.05285743228216
703 1.09868836625694
704 1.67329114757603
705 1.20044280974371
706 1.43132623039646
707 1.22820143270924
708 1.08346835151608
709 1.14854173319357
710 1.17246984480403
711 1.36949288920848
712 1.16402115829169
713 1.08259886833983
714 1.14563311520598
715 1.3505574681036
716 1.08324258466682
717 1.22267347087442
718 1.20759719582984
719 1.20044280974371
720 1.16379813624425
721 1.21874781365208
722 1.22691474929458
723 1.37471025021959
724 1.09045622164449
725 1.08346965989049
726 1.17246984480403
727 1.2001780125267
728 1.33578498997834
729 1.20016907443482
730 1.3485422493677
731 0.843755834003094
732 1.09086842313695
733 1.08324397269915
734 1.08922125653924
735 1.35771972324954
736 1.21854748575978
737 1.100629057207
738 1.21850403047239
739 1.10085638693185
740 1.33978501924629
741 1.15024537588375
742 1.14918745806691
743 1.17170061226858
744 1.08348659374973
745 1.15975659415763
746 1.349032250369
747 1.14998921505167
748 1.33582169074077
749 1.160522223336
750 1.22958544554849
751 1.15910880439131
752 1.21854637117642
753 1.10158103026188
754 1.16900279088665
755 1.09994105943765
756 1.35360247431583
757 1.22890392998871
758 1.16945233689791
759 1.37103080077818
