"POS" "KL"
1 1.25621342784244
2 1.17241577395752
3 0.983163675846654
4 0.988261161588143
5 1.10240785908512
6 1.17227017598491
7 1.17212462680791
8 1.17227017598491
9 1.09635611683161
10 1.70397236321512
11 1.17212462680791
12 0.982595023249366
13 1.17241577395752
14 1.44339518160319
15 1.11434745764986
16 1.49703474729983
17 1.17241577395752
18 1.18972080380805
19 1.49703474729983
20 0.988261161588143
21 1.31190423385079
22 0.991396243669213
23 1.16161011467019
24 1.43691442769694
25 0.996379601466719
26 1.21372867314373
27 1.13690500632317
28 0.988261161588143
29 1.17227017598491
30 1.53887198515513
31 1.17212462680791
32 1.55542223329093
33 1.00207403922079
34 1.19605600489394
35 1.31804897555273
36 1.39932596565451
37 1.09624968663025
38 1.55624376072772
39 0.983364794221304
40 1.15632321218934
41 0.986889866806491
42 0.988261161588143
43 1.25621342784244
44 1.17227017598491
45 2.40063753926564
46 0.988261161588143
47 1.31804897555273
48 1.10240785908512
49 1.14705587607614
50 1.49703474729983
51 1.44339518160319
52 0.988261161588143
53 1.17241577395752
54 1.49703474729983
55 0.988261161588143
56 1.10240785908512
57 1.31176755388994
58 1.19605600489394
59 1.37901852848251
60 0.988261161588143
61 1.19605600489394
62 1.55542223329093
63 1.17212462680791
64 1.55542223329093
65 1.10240785908512
66 0.988261161588143
67 1.10240785908512
68 1.17212462680791
69 1.49703474729983
70 1.17241577395752
71 1.17227017598491
72 1.14705587607614
73 1.19000475864748
74 0.988261161588143
75 1.22482002398322
76 1.14705587607614
77 1.14705587607614
78 1.14705587607614
79 1.55542223329093
80 1.17212462680791
81 1.22482002398322
82 1.39932596565451
83 0.996436645547079
84 0.988261161588143
85 1.39932596565451
86 1.19605600489394
87 1.39932596565451
88 1.19605600489394
89 1.55624376072772
90 1.49703474729983
91 1.39932596565451
92 1.39932596565451
93 1.24613969899015
94 1.55624376072772
95 1.09341557718798
96 1.00207403922079
97 1.17212462680791
98 1.31804897555273
99 0.982807938728613
100 1.70397236321512
101 1.05455917647682
102 1.31804897555273
103 0.988261161588143
104 1.31804897555273
105 1.14705587607614
106 1.17227017598491
107 1.43189015361492
108 1.10240785908512
109 1.55542223329093
110 1.70117523053316
111 1.19605600489394
112 1.00207403922079
113 1.31804897555273
114 1.17227017598491
115 1.162352877869
116 0.987845003089644
117 0.988261161588143
118 1.17241577395752
119 1.70397236321512
120 1.17241577395752
121 1.03747426029258
122 1.19605600489394
123 0.996427540782185
124 0.98325442090185
125 1.00207403922079
126 1.17241577395752
127 1.92351628454598
128 1.25621342784244
129 1.19605600489394
130 0.988261161588143
131 1.44339518160319
132 1.70397236321512
133 1.39344076680232
134 1.14705587607614
135 1.25621342784244
136 1.19605600489394
137 1.09123117867302
138 1.17212462680791
139 1.05640863897104
140 1.10240785908512
141 1.16657724477661
142 1.15004660631831
143 1.00207403922079
144 1.54248061052783
145 1.19605600489394
146 0.988261161588143
147 1.17212462680791
148 1.92351628454598
149 1.00207403922079
150 1.07351754114281
151 1.92351628454598
152 1.17227017598491
153 1.22482002398322
154 1.44339518160319
155 0.991919606095842
156 1.54997862423654
157 1.17241577395752
158 1.21232641396821
159 1.70117523053316
160 1.14705587607614
161 1.16612526139893
162 1.70117523053316
163 1.14705587607614
164 1.21901834229899
165 1.25008596430786
166 1.13386565904652
167 1.07823909688326
168 1.08567397068606
169 1.10240785908512
170 1.39932596565451
171 1.49703474729983
172 0.988261161588143
173 1.44339518160319
174 1.14705587607614
175 1.69430624260252
176 1.16657724477661
177 1.39279617829094
178 1.1411799984203
179 1.25621342784244
180 1.17212462680791
181 0.920576286783834
182 1.00207403922079
183 1.16639932914345
184 1.09700063545149
185 1.10240785908512
186 1.00207403922079
187 1.31804897555273
188 1.00207403922079
189 1.25621342784244
190 1.17227017598491
191 1.22482002398322
192 1.24474870385732
193 1.00207403922079
194 1.19605600489394
195 1.17241577395752
196 1.17241577395752
197 1.17227017598491
198 1.22482002398322
199 1.00207403922079
200 0.996426990409501
201 1.17227017598491
202 1.00207403922079
203 1.25621342784244
204 1.17227017598491
205 1.17212462680791
206 1.00207403922079
207 1.12514986388918
208 1.22482002398322
209 0.987470923281822
210 1.14705587607614
211 1.22482002398322
212 1.25621342784244
213 1.17212462680791
214 1.21234533098775
215 1.00207403922079
216 1.25621342784244
217 1.14705587607614
218 1.07823909688326
219 1.44339518160319
220 1.19004253563559
221 1.10240785908512
222 1.68327872592591
223 1.49703474729983
224 1.15643744756948
225 1.1663049315414
226 1.17241577395752
227 0.943505242766455
228 1.19605600489394
229 0.972834553973239
230 1.30658659699097
231 1.54953828636108
232 1.54013302885123
233 0.988261161588143
234 0.983144906169912
235 1.16596958314854
236 1.39932596565451
237 0.988261161588143
238 1.22482002398322
239 0.986601712571948
240 1.70397236321512
241 1.22482002398322
242 1.3058395554782
243 1.14705587607614
244 1.25621342784244
245 1.19605600489394
246 1.17212462680791
247 1.22482002398322
248 1.24051649706845
249 1.22482002398322
250 1.14705587607614
251 1.55542223329093
252 1.31189415390044
