"POS" "KL"
1 1.68964511398547
2 1.08476572286061
3 0.940891230014014
4 0.946129065334109
5 1.38992257886314
6 1.02546949481153
7 1.20535852002838
8 1.02156496996135
9 1.37232388736832
10 1.33228978715392
11 1.24353294426657
12 1.06983929671573
13 1.41313311276005
14 1.10753643283426
15 1.67593843056767
16 1.01649528474781
17 1.48768524007843
18 1.09331321598191
19 1.49872423751364
20 0.985468883068859
21 1.05464260573255
22 1.07837764597591
23 1.07596122178563
24 1.20714344098659
25 1.36382529273294
26 0.930531383176988
27 0.998767966148579
28 0.959541014369039
29 1.49464926853436
30 1.50097301655443
31 1.05661278284073
32 1.05889833437533
33 1.04988060124765
34 1.19364762093934
35 1.05889833437533
36 0.946129065334109
37 1.67890002156068
38 0.946129065334109
39 1.05211256538771
40 0.946129065334109
41 1.67593843056767
42 1.05375105356508
43 0.90452826717446
44 1.21237882854751
45 1.12163161007719
46 0.946129065334109
47 1.49210313561448
48 1.48658727611613
49 1.39211046501131
50 1.48768524007843
51 1.05889833437533
52 1.47031102402087
53 1.12163161007719
54 1.08640323139098
55 0.842242114685872
56 1.3730327148597
57 1.49005735235956
58 1.1835592211499
59 0.946129065334109
60 1.32954221484099
61 1.05805645337325
62 1.2000839569559
63 1.37744570296905
64 1.08476572286061
65 1.37829422112997
66 1.0256436718858
67 1.2000839569559
68 1.19029993129122
69 1.37744570296905
70 1.03105070106774
71 1.08476572286061
72 1.68233257871899
73 1.12163161007719
74 1.01986541634148
75 1.0256436718858
76 1.49429834030807
77 1.10829964860537
78 1.48718903362272
79 0.990958847438564
80 1.50069128155791
81 1.50069128155791
82 0.990516315868497
83 1.50097301655443
84 1.2116961810805
85 1.21237882854751
86 1.20155349771153
87 1.20665038667985
88 1.16710390514685
89 1.07574268540856
90 1.67890002156068
91 1.46848381255168
92 1.19534023942521
93 1.62459120068165
94 1.06936924438607
95 0.981657262801869
96 0.946129065334109
