"POS" "KL"
1 1.31955192379242
2 1.104676631659
3 1.09991522923368
4 1.34937839075598
5 1.07402669848917
6 1.25087205030888
7 1.50774505050454
8 0.958898459444925
9 1.10663879482877
10 1.53646773615046
11 1.13025523782053
12 1.3323782882009
13 1.31955192379242
14 1.13025523782053
15 1.25087205030888
16 1.03649838713418
17 1.07402669848917
18 1.09824792086915
19 0.958898459444925
20 1.34941011291228
21 1.21952208249878
22 1.104676631659
23 1.24501842979482
24 1.12441620528796
25 1.23225108216329
26 0.958898459444925
27 1.08538965913909
28 1.11222070714035
29 1.33404660456475
30 1.07402669848917
31 0.931772099694085
32 1.31955192379242
33 1.2592141628656
34 1.03069804579518
35 1.07402669848917
36 1.23225108216329
37 1.07402669848917
38 0.924715443756989
39 1.44324004444506
40 1.55753614712887
41 1.21260386707747
42 1.35547591164406
43 1.31955192379242
44 1.9183092795703
45 1.25087205030888
46 1.13025523782053
47 1.17979686686746
48 1.49566594937332
49 1.19109126635702
50 1.08666031226764
51 1.3783128413963
52 1.50453016726347
53 1.13025523782053
54 1.07402669848917
55 0.958898459444925
56 1.19109126635702
57 1.22611537198128
58 1.35025745979566
59 1.27555506650252
60 1.11222070714035
61 1.14559927327766
62 1.25087205030888
63 1.22611537198128
64 1.13025523782053
65 0.958898459444925
66 1.31307042173235
67 1.21571799151644
68 1.18527055221427
69 1.11222070714035
70 1.09330435216592
71 1.44324004444506
72 1.3783128413963
73 1.13025523782053
74 0.958898459444925
75 0.958898459444925
76 1.27555506650252
77 1.4200903922268
78 1.55753614712887
79 1.18538825919096
80 1.13025523782053
81 1.13025523782053
82 1.90947979251989
83 1.49173777900986
84 1.03990890507807
85 1.07251183676759
86 1.07402669848917
87 1.50032935562938
88 1.3783128413963
89 1.49173777900986
90 1.50774505050454
91 1.50774505050454
92 1.25087205030888
93 1.07402669848917
94 1.07402669848917
95 1.49173777900986
96 1.23225108216329
97 1.55753614712887
98 0.939949233780042
99 0.958898459444925
100 0.898247809738141
101 1.33953104102866
102 1.06748543577533
103 1.50774505050454
104 1.91743280201367
105 1.10030260676801
106 0.952898427551123
107 1.12389451872138
108 1.18507033343603
109 1.17881984065995
110 1.19109126635702
111 1.550658487557
112 1.3783128413963
113 1.50774505050454
114 1.11571926249679
115 1.13025523782053
116 1.22585894933501
117 0.958898459444925
118 0.958898459444925
119 1.16740242981551
120 1.91743280201367
121 0.954505804739388
122 1.35547591164406
123 1.104676631659
124 1.25746348332713
125 1.27555506650252
126 1.07402669848917
127 1.1244462046281
128 1.37150357593138
129 1.104676631659
130 1.22969399497424
131 1.104676631659
132 1.07402669848917
133 1.19109126635702
134 1.24428336198189
135 1.90947979251989
136 1.01954609857291
137 1.31955192379242
138 1.23225108216329
139 1.91743280201367
140 1.90947979251989
141 1.11222070714035
142 1.27555506650252
143 1.19109126635702
144 1.27555506650252
145 1.3783128413963
146 1.09281729016847
147 1.25087205030888
148 1.5509965621093
149 1.34315547560413
150 0.952821423501423
151 1.25087205030888
152 0.958898459444925
153 1.104676631659
154 1.19109126635702
155 1.33404660456475
156 0.958898459444925
157 1.25087205030888
158 1.07402669848917
159 1.30763123811823
160 1.3783128413963
161 1.48466347429435
162 0.958898459444925
163 1.31955192379242
164 1.9183092795703
165 1.11222070714035
166 1.19109126635702
167 1.31955192379242
168 1.35547591164406
169 1.07402669848917
170 1.11222070714035
171 1.25087205030888
172 1.19109126635702
173 1.49173777900986
174 0.958898459444925
175 0.958898459444925
176 1.11222070714035
177 1.07402669848917
178 1.104676631659
179 1.104676631659
180 1.07402669848917
181 1.104676631659
182 1.104676631659
183 1.32223343959634
184 1.50774505050454
185 1.07402669848917
186 1.29279603088678
187 1.07402669848917
188 1.25087205030888
189 1.25501753990963
190 1.26475806133319
191 1.31955192379242
192 1.13025523782053
193 1.19109126635702
194 1.21270136659337
195 0.948155753801594
196 1.31955192379242
197 1.22125884882715
198 1.50774505050454
199 0.958898459444925
200 1.0682417828421
201 1.22125884882715
202 1.27555506650252
203 1.3783128413963
204 0.958898459444925
205 1.27555506650252
206 1.44324004444506
207 1.91743280201367
208 0.958898459444925
209 1.07402669848917
210 1.13025523782053
211 1.27555506650252
212 1.06748543577533
213 0.953663582937956
214 0.92618708603296
215 1.25087205030888
216 0.958898459444925
217 1.16566949146363
218 1.09866223115825
219 1.55753614712887
220 1.13025523782053
221 0.952821423501423
222 1.31955192379242
223 1.91127276505526
224 1.27555506650252
225 1.22585894933501
226 1.19109126635702
227 1.50774505050454
228 1.07402669848917
229 1.50774505050454
230 1.43642253064444
231 1.35547591164406
232 1.24426815215229
233 1.104676631659
234 1.09882992179183
235 1.35547591164406
236 0.953695855662744
237 1.104676631659
238 1.31327199761047
239 1.24675452759191
240 1.3783128413963
241 1.35547591164406
242 1.32171902648947
243 0.958898459444925
244 1.1247071566626
245 1.11222070714035
246 0.958898459444925
247 1.26405283905914
248 1.49173777900986
249 1.07402669848917
250 1.27555506650252
251 1.104676631659
252 1.13025523782053
253 1.23225108216329
254 1.13025523782053
255 1.3783128413963
256 1.1852805351939
257 1.18970841434801
258 1.44324004444506
259 1.19109126635702
260 1.104676631659
261 0.958898459444925
262 1.10657893550785
263 1.104676631659
264 1.18486510052796
265 1.23225108216329
266 1.18507033343603
267 0.958898459444925
268 1.07402669848917
269 1.10589634798207
270 1.32753222232801
271 1.09838269215992
272 1.90947979251989
273 1.50774505050454
274 1.11222070714035
275 1.91127276505526
276 1.18504111028931
277 1.48627085148262
278 1.09882992179183
279 1.91029794761848
280 1.32753222232801
281 1.55753614712887
282 1.07402669848917
283 1.16133010363162
284 1.104676631659
285 1.33404660456475
286 1.09866223115825
287 1.09976917003453
288 1.07402669848917
289 1.50699965610043
290 1.33441381726796
291 1.44324004444506
292 1.13025523782053
293 0.912784427502894
294 1.13025523782053
295 1.07402669848917
296 1.55032918441312
297 1.1060705710359
298 1.18462310380412
299 1.33404660456475
300 1.07402669848917
301 1.21512925059534
302 1.3713902119408
303 1.48466347429435
304 1.44324004444506
305 0.906001154272219
306 1.19109126635702
307 1.19109126635702
308 1.35547591164406
309 1.27555506650252
310 1.10624086095555
311 1.35547591164406
312 1.33404660456475
313 1.40669181683749
314 1.11222070714035
315 1.18486510052796
316 1.16498650638725
317 0.952898427551123
318 1.45873167567502
319 1.26891661402997
320 1.13025523782053
321 1.2694530901071
322 1.49173777900986
323 1.08014843885421
324 1.90947979251989
325 1.50774505050454
326 1.08334351182831
327 1.35547591164406
328 1.19109126635702
329 1.32753222232801
330 1.91743280201367
331 1.31327199761047
332 1.104676631659
333 1.9183092795703
334 1.90189256914683
335 1.10656931044028
336 1.104676631659
337 1.104676631659
338 1.44324004444506
339 1.13025523782053
340 1.3783128413963
341 1.19109126635702
342 0.95293478749201
343 1.32069462874521
344 1.10004272958294
345 1.11222070714035
346 1.44324004444506
347 1.23225108216329
348 0.958898459444925
349 1.07402669848917
350 1.15423181930252
351 0.909339505636927
352 1.28445076412603
353 1.10035787905784
354 1.49173777900986
355 0.953316434036309
356 1.06833102928733
357 1.28941524474965
358 1.19109126635702
359 1.06317087579966
360 1.25087205030888
361 0.953695855662744
362 1.07402669848917
363 1.23670687517299
364 1.35547591164406
365 1.23225108216329
366 1.104676631659
367 1.11222070714035
368 1.27555506650252
369 1.12383272450127
370 1.26891661402997
371 1.26110768849826
372 1.11985277094074
373 1.13737263073958
374 1.31305543582179
375 1.29515975415234
376 1.11222070714035
377 1.03884271900628
378 1.25087205030888
379 1.19109126635702
380 1.13025523782053
381 1.19109126635702
382 0.958898459444925
383 1.11222070714035
384 0.949708851385633
385 1.55753614712887
386 1.90919112376853
387 1.104676631659
388 1.23225108216329
389 0.953695855662744
390 1.24428336198189
391 0.954521839032722
392 1.11222070714035
393 1.07402669848917
394 1.07402669848917
395 1.27555506650252
396 1.19862785835924
397 1.24303902197704
398 1.34428331940389
399 1.35547591164406
400 0.910563940073791
401 1.09281729016847
402 1.10667671319851
403 1.104676631659
404 1.07402669848917
405 1.35547591164406
406 1.21987732756589
407 1.11222070714035
408 1.31739458210808
409 1.35547591164406
410 1.49173777900986
411 1.24426815215229
412 1.44324004444506
413 1.10667671319851
414 1.30853848662707
415 1.34944148382217
416 0.958898459444925
417 1.21225465276073
418 1.19109126635702
419 1.49173777900986
420 1.44324004444506
421 1.1244462046281
422 0.949708851385633
423 1.08436682377521
424 1.23939426660763
425 1.17364529684486
426 1.30763123811823
427 1.104676631659
428 1.104676631659
429 1.44324004444506
430 1.1725752568155
431 1.07402669848917
432 1.27052399121823
433 1.16549171500122
434 1.13025523782053
435 1.07402669848917
436 0.958898459444925
437 1.25087205030888
438 1.10656931044028
439 1.3783128413963
440 1.31955192379242
441 0.958898459444925
442 1.23885917533027
443 1.13025523782053
444 1.17355569940445
445 1.23225108216329
446 0.889116473092907
447 1.2950361910159
448 1.31955192379242
449 1.13025523782053
450 0.868846797170826
451 1.08815996993215
452 0.867678842325451
453 1.473374283329
454 1.1244362416584
455 1.37149159229042
456 1.25787809863171
457 1.11222070714035
458 1.44324004444506
459 1.33558807972187
460 1.07402669848917
461 0.958898459444925
462 1.07402669848917
463 1.33404660456475
464 1.44324004444506
465 1.13025523782053
466 1.19109126635702
467 1.10603849601881
468 1.3783128413963
469 1.13025523782053
470 1.50774505050454
471 1.104676631659
472 1.22478526503927
473 1.20478087957666
474 1.48462577553318
475 1.22611537198128
476 1.33404660456475
477 1.49173777900986
478 1.11222070714035
479 1.44324004444506
480 1.3783128413963
481 1.31955192379242
482 1.04296061451318
483 1.26307558398566
484 1.12419651219765
485 1.07402669848917
486 1.11222070714035
487 1.55753614712887
488 1.44324004444506
489 1.44324004444506
490 1.06798246468482
491 1.3783128413963
492 1.26939621650314
493 1.104676631659
494 1.11807991729213
495 1.13025523782053
496 1.49401564918191
497 1.30289200553468
498 1.20578629881904
