"POS" "KL"
1 1.39000209281646
2 1.12426809989053
3 1.0877423498462
4 1.443093454259
5 1.19576672969996
6 0.974990138898154
7 0.913961513858371
8 1.13193655041618
9 1.41803081641671
10 1.46378830697738
11 1.25968258429033
12 1.13051062390572
13 2.03790514154252
14 1.3616419451749
15 0.980132360746759
16 1.75389137046108
17 2.04961423920412
18 1.07999274862504
19 1.07635546979811
20 1.25365567554257
21 0.913696737946202
22 1.23922420286707
23 1.05329374438485
24 1.02071509568285
25 1.22756254287886
26 0.906373647953171
27 0.8633333868592
28 1.16859399436938
29 1.13465473055741
30 1.19828160343377
31 1.36512503837789
32 1.41124791796126
33 0.853220060574185
34 1.13465473055741
35 1.07635546979811
36 0.98621098029992
37 1.07635546979811
38 1.07635546979811
39 1.12811763640546
40 1.46378830697738
41 1.26614755702565
42 1.00743281205307
43 0.98621098029992
44 0.918033211704501
45 1.23447493718931
46 1.07635546979811
47 1.20839259457115
48 1.0636845769322
49 1.24358539346399
50 0.98621098029992
51 1.1677360795259
52 0.98621098029992
53 1.11673663276638
54 1.02368231162729
55 0.909868671587349
56 1.06332915389585
57 1.18147344275552
58 1.23689918111429
59 0.852508509341621
60 0.814732766784153
61 1.23447493718931
62 1.24635025864278
63 1.25724315441549
64 1.1732070509888
65 1.25349734161263
66 1.08892920240044
67 0.85034870926141
68 1.16693103403527
69 0.98621098029992
70 0.893101434983256
71 0.896978577804424
72 1.06925855976758
73 0.992865937678884
74 1.06269065094899
75 1.01615116690751
76 0.954120951992134
77 0.98621098029992
78 1.26614755702565
79 1.22055706274945
80 1.09056985532528
81 1.03627823180208
82 1.19828160343377
83 1.12559633681428
84 0.970098584191564
85 1.3578854818977
86 1.05245472139475
87 1.00868854737128
88 1.06872378266141
89 2.25408601975851
90 0.865811518216026
91 1.15611787478846
92 1.11228931499509
93 1.39000209281646
94 1.07126526033978
95 0.869085892409041
96 1.08886362761817
97 1.09502997702125
98 1.23055766436983
99 1.13193655041618
100 1.07022778397106
101 0.988659978528562
102 1.74802433536631
103 1.35444018106294
104 1.39000209281646
105 0.975323546998758
106 1.38309818647344
107 1.36512503837789
108 1.08612425033029
109 1.45854614178147
110 1.25369992431283
111 0.994527261131223
112 0.907341446710966
113 1.22238860344317
114 0.941508738378353
115 0.98621098029992
116 1.8416527080797
117 1.01469374193373
118 0.86471849944845
119 1.36024835694455
120 1.13465473055741
121 1.46378830697738
122 1.19828160343377
123 1.16689770651804
124 1.35325808322607
125 1.05209866131936
126 1.26614755702565
127 1.2215857813586
128 1.14156204137221
129 0.936327925471724
130 0.98621098029992
131 1.26614755702565
132 1.19828160343377
133 1.48542273781371
134 1.41803081641671
135 1.13193655041618
136 1.24198202075995
137 0.996951957499005
138 1.41803081641671
139 0.977574654877614
140 0.977904614810061
141 0.980591931419303
142 1.0886569605237
143 1.22238719797286
144 0.98621098029992
145 1.04302608733719
146 0.84349522873871
147 0.980322118772251
148 1.07635546979811
149 1.19828160343377
150 1.41803081641671
151 1.24358539346399
152 0.951740615941874
153 0.960290034800344
154 1.23447493718931
155 1.11834782342427
156 1.16666654949309
157 1.2337665237992
158 1.09868792127515
159 1.08407679427626
160 1.16190338357837
161 1.12571265211637
162 1.3581871911526
163 0.847338080321761
164 1.36512503837789
165 1.1260738227643
166 0.855755438100999
167 1.35841834817754
168 1.23447493718931
169 2.04961423920412
170 1.06254699859491
171 0.938016106748024
172 1.09502997702125
173 1.13465473055741
174 1.25968258429033
175 1.26614755702565
176 1.4711418555958
177 1.19828160343377
178 1.112904871541
179 1.23447493718931
180 1.04143744221792
181 0.98621098029992
182 1.1732070509888
183 1.22238860344317
184 1.23447493718931
185 0.962539405078712
186 1.09502997702125
187 1.75389137046108
188 1.48542273781371
189 1.07479461068163
190 1.48542273781371
191 1.09944135522948
192 1.09994840120566
193 1.07635546979811
194 1.04721525322437
195 1.13193655041618
196 1.08892920240044
197 1.06012302404889
198 0.863285062511048
199 1.46378830697738
200 1.07635546979811
201 1.41105630508737
202 1.11069730746136
203 1.75389137046108
204 0.956379649626829
205 0.917059563746501
206 0.890611246281008
207 1.23348132672345
208 1.09502997702125
209 0.958199730129617
210 1.22092630042914
211 0.882341035198955
212 1.27983280495678
213 1.08248632381709
214 0.951335771348327
215 1.35143314868327
216 1.25289934985325
217 1.14206674033405
218 1.46378830697738
219 1.25931365811602
220 1.06042870031607
221 1.21178243092939
222 1.36927763662479
223 1.19828160343377
224 1.06499347984885
225 1.06795487718861
226 0.967123320885411
227 1.08832039718558
228 1.13193655041618
229 1.08872855221188
230 1.23294162049435
231 1.07635546979811
232 1.07635546979811
233 1.13465473055741
234 1.26614755702565
235 1.39000209281646
236 1.19828160343377
237 1.13465473055741
