"POS" "KL"
1 1.19012536100191
2 1.37247795944085
3 0.926123547626211
4 1.41019459382824
5 1.29946940909516
6 1.09884730676684
7 0.738143242779716
8 0.943687914880158
9 1.24126385969993
10 1.0437690860227
11 1.38367200555304
12 1.16853677044509
13 0.846303434109326
14 0.948624519111434
15 1.12861367360872
16 1.19012536100191
17 0.948387476021468
18 1.38842806647448
19 1.17721716873952
20 1.04377969949869
21 0.879772048823184
22 1.14000818969808
23 0.945565845639143
24 0.948387476021468
25 0.936728074429077
26 0.801900423052625
27 1.32533840761935
28 0.879772048823184
29 1.4422622988737
30 1.39882438625047
31 1.19012536100191
32 1.12546323924869
33 1.33801887056899
34 0.987871489430099
35 1.22307246311913
36 0.959475976083911
37 0.769103651183148
38 0.879772048823184
39 1.3613727011192
40 0.708680372931174
41 2.04635976713412
42 1.12283822236433
43 1.37653970060404
44 0.948387476021468
45 0.874201179908795
46 1.39882438625047
47 0.969130107228737
48 1.38753749282871
49 1.47346562445584
50 1.19012536100191
51 1.12861367360872
52 1.15305847580643
53 1.39198248610164
54 1.38367200555304
55 0.858967248897911
56 1.7811708588605
57 0.894191162670396
58 0.879772048823184
59 1.04515717221028
60 0.790766894960184
61 1.12861367360872
62 1.44956892888212
63 1.20081997368357
64 1.19120914367411
65 1.77838304409488
66 1.12861367360872
67 0.898001513073281
68 0.863598881459231
69 0.879772048823184
70 0.899054936538851
71 1.04991957790034
72 1.38160708447409
73 1.24126385969993
74 0.969130107228737
75 0.969130107228737
76 1.16468087556686
77 1.12861367360872
78 1.77838304409488
79 0.879772048823184
80 1.17480415970068
81 0.887043881733391
82 0.969130107228737
83 1.47083784680995
84 1.12861367360872
85 1.58465214088714
86 0.867730517875735
87 0.879772048823184
88 1.202092767508
89 0.823479885945421
90 1.34465884712584
91 0.963696466620474
92 1.39234242026297
93 0.914668860354166
94 1.2067716156919
95 0.969130107228737
96 1.04991957790034
97 1.17480415970068
98 1.34465884712584
99 1.24126385969993
100 0.967677919576669
101 1.04991957790034
102 1.74291925011849
103 0.879772048823184
104 1.04991957790034
105 0.840167973204274
106 0.879772048823184
107 0.874201179908795
108 0.969130107228737
109 1.48791392095834
110 0.969130107228737
111 0.866091564557282
112 0.969130107228737
113 1.17480415970068
114 1.12861367360872
115 1.32412660295541
116 1.21654904202331
117 0.948387476021468
118 1.23447821590122
119 1.00335858213064
120 0.873932818641192
121 1.17480415970068
