"POS" "KL"
1 1.4563509012262
2 0.941339407095508
3 1.27033745471233
4 1.29881929124876
5 1.38347033314047
6 1.23281912620181
7 1.58394312066786
8 1.64446724812083
9 1.29881929124876
10 1.35010577779568
11 1.33700866198799
12 1.44939549716039
13 1.07270546612373
14 1.38347033314047
15 0.964220875316976
16 1.06063262039561
17 1.25748307881212
18 0.964220875316976
19 1.11695319679163
20 1.25078867480357
21 1.44383535141041
22 1.12869580385444
23 0.964220875316976
24 1.57549607649936
25 1.29460870061335
26 0.958185290887818
27 1.28014681209107
28 1.28941635111186
29 1.1039612054009
30 1.16377821379892
31 0.964220875316976
32 1.27918606808107
33 1.35615832622824
34 1.12869580385444
35 1.29881929124876
36 1.26399129794066
37 1.26399129794066
38 1.12648565811045
39 1.65146929539224
40 1.28613153674292
41 1.74116046952272
42 1.06063262039561
43 0.964220875316976
44 1.35519555886279
45 1.65146929539224
46 1.29881929124876
47 1.4563509012262
48 1.57549607649936
49 1.15533955962154
50 1.28719165398673
51 1.2916241817509
52 1.74116046952272
53 1.29881929124876
54 1.16377821379892
55 1.23702409886896
56 0.958251141888407
57 1.17774589367633
58 1.29460870061335
59 0.92676618540895
60 1.14906511895686
61 1.07177158904279
62 1.10228165442414
63 1.2961931051343
64 0.964220875316976
65 1.13561223290468
66 1.17964859790213
67 1.28067400317525
68 1.34434322736341
69 1.36334581361167
70 1.23687055662396
71 1.06063262039561
72 1.06063262039561
73 1.12869580385444
74 1.74116046952272
75 1.23281912620181
76 1.29881929124876
77 0.958251141888407
78 1.16377821379892
79 1.16377821379892
80 0.964220875316976
81 1.29460870061335
82 1.23281912620181
83 1.28719165398673
84 1.23281912620181
85 1.23046569012103
86 1.4164759068814
87 1.25736949175235
88 1.77625214740378
89 1.25129832201151
90 1.38347033314047
91 1.37695764593988
92 1.36334581361167
93 1.14896964354547
94 1.1526810524602
95 1.65146929539224
96 1.35624721637258
97 1.27918084406876
98 1.27941450372106
99 1.23622829582572
100 1.33806350000049
101 0.782101259025789
102 1.12225030537269
103 1.34434322736341
104 1.06025353531435
105 1.2916241817509
106 1.06063262039561
107 1.3314882346824
108 1.28068600676794
109 1.06063262039561
110 1.56823165305502
111 1.28719165398673
112 1.57549607649936
113 1.07582842572435
114 0.964220875316976
115 1.33825268318879
116 1.23281912620181
117 1.29881929124876
118 1.10387045773488
119 0.964220875316976
120 1.14032937530018
121 1.29460870061335
122 1.36009393528831
123 1.28613153674292
124 1.23281912620181
125 1.23281912620181
126 0.958261967164143
127 1.37048334711925
128 1.74116046952272
129 1.09574970853393
130 1.57549607649936
131 1.57549607649936
132 1.06063262039561
133 0.958246016526236
134 1.12869580385444
135 1.26399129794066
136 1.36334581361167
137 1.12869580385444
138 1.13814931188452
139 1.12869580385444
140 1.14846646917941
141 0.957905165235629
142 1.04220337700205
143 1.28613153674292
144 1.74116046952272
145 1.15773798276895
146 1.74116046952272
147 1.15758125036447
148 1.29163764224399
149 1.15533955962154
150 1.29881929124876
151 1.27356321221157
152 1.29460870061335
153 0.964220875316976
154 0.964220875316976
155 1.4563509012262
156 1.25736949175235
157 1.28613153674292
158 1.0773694616087
159 1.26399129794066
160 1.27332403920918
161 1.56416653784314
162 1.28613153674292
163 1.06063262039561
164 1.28719165398673
165 0.958256833889848
166 0.964220875316976
167 1.14912881320583
168 1.21941606193569
169 1.26399129794066
170 1.23281912620181
171 1.15759254434749
172 1.12869580385444
173 1.28613153674292
174 1.23281912620181
175 1.06063262039561
176 1.29881929124876
177 1.2791937554965
178 1.16377821379892
179 1.23281912620181
180 1.59195257221566
181 0.964220875316976
182 1.4563509012262
183 1.25757882249729
184 1.10527183882667
185 1.23281912620181
186 1.28199073389505
187 1.04905506026269
188 1.77625214740378
189 1.28719165398673
190 1.14896311733272
191 1.29881929124876
192 1.23281912620181
193 1.59195257221566
194 1.15533955962154
195 0.964220875316976
196 1.23281912620181
197 1.29460870061335
198 0.964220875316976
199 0.941920431845123
200 1.28613153674292
201 1.12174852282701
202 0.964220875316976
203 0.964220875316976
204 1.21047685625613
205 1.29881929124876
206 0.947613045181632
207 1.16377821379892
208 1.26822427972418
209 1.29460870061335
210 1.27401626917564
211 1.43535135703309
212 1.22579251549469
213 1.20908367792184
214 1.06063262039561
215 1.26399129794066
216 1.24718286943347
217 1.59195257221566
218 1.15533955962154
219 1.05458432967299
220 1.34434322736341
221 1.3370772945508
222 1.35624233649214
223 1.29881929124876
224 1.15533955962154
225 1.14353836174533
226 1.05419685110311
227 0.964220875316976
228 1.35624233649214
229 1.29165104928617
230 1.23281912620181
231 1.25098298264865
232 1.57549607649936
233 1.38347033314047
234 1.28719165398673
235 1.29460870061335
236 1.29881929124876
237 0.886949796184028
238 1.33756119780476
239 1.36334581361167
240 1.29460870061335
241 1.63709565249919
242 1.15053443973019
243 0.964220875316976
244 1.28199073389505
245 1.12869580385444
246 1.06063262039561
247 1.14891560609065
248 1.59195257221566
249 1.4563509012262
250 1.15533955962154
251 1.12226213269272
252 0.952906531214675
253 1.38347033314047
254 1.30223386213611
255 1.26399129794066
256 1.16222932248048
257 1.16377821379892
258 0.964220875316976
259 1.3320731466982
260 1.29881929124876
261 1.05031073703277
262 1.05557005399673
263 1.24662318968168
264 1.28613153674292
265 1.34434322736341
266 1.23281912620181
267 1.32127237076198
268 1.04291309145304
269 0.953510302344948
270 1.06063262039561
271 1.33725411571709
272 0.911836402737754
273 1.29460870061335
274 1.31880026771488
275 1.2722578123432
276 1.65146929539224
277 1.05820035906525
278 1.59195257221566
279 1.22693268706512
280 1.14891560609065
281 1.12869580385444
282 1.29881929124876
283 1.06063262039561
284 1.06063262039561
285 1.4563509012262
286 1.28719165398673
287 1.26399129794066
288 1.06063262039561
289 1.12869580385444
290 1.06063262039561
291 1.15533955962154
292 1.15759254434749
293 0.964220875316976
294 1.26224296352942
295 1.3370772945508
296 1.12169489606506
297 1.72842921846093
298 0.964220875316976
299 1.29460870061335
300 0.964220875316976
301 1.29460870061335
302 1.16377821379892
303 1.34434322736341
304 1.06063262039561
305 1.5690019973903
306 1.28719165398673
307 1.2571010279363
308 1.14582641186841
309 1.12226213269272
310 1.65146929539224
311 1.4563509012262
312 1.12226213269272
313 1.28613153674292
314 1.29881929124876
315 1.29881929124876
316 1.28199073389505
317 1.77625214740378
318 1.12869580385444
319 0.964220875316976
320 1.34434322736341
321 1.28194883578212
322 1.12660928228263
323 1.00030456270829
324 1.12869580385444
325 1.34434322736341
326 1.74116046952272
327 0.951954676834426
328 1.09790370522603
329 1.29460870061335
330 1.12628325381266
331 1.36334581361167
332 1.34434322736341
333 1.36334581361167
334 1.57549607649936
335 1.06063262039561
336 1.0439974648513
337 1.22945995376337
338 1.77625214740378
339 1.12869580385444
340 1.59195257221566
341 1.37610663888433
342 1.05482468948814
343 1.23705971158266
344 0.964220875316976
345 1.05419685110311
346 1.59195257221566
347 1.28719165398673
348 0.891031726604641
349 0.958272750298918
350 1.27398350943708
351 0.951932319305559
352 0.958256833889848
353 1.09389449954232
354 1.11034580495565
355 1.33050050298908
356 1.10014304169215
357 1.28613153674292
358 1.12869580385444
359 1.31914940520644
360 1.4563509012262
361 1.06448657225849
362 1.07941506316844
363 1.28613153674292
364 1.11991390940901
365 1.58561564906887
366 1.05417874240315
367 1.11710157242112
368 1.77625214740378
369 1.2573816974151
370 1.06063262039561
371 1.29460870061335
372 0.964220875316976
373 1.33329935484947
374 1.44906595107354
375 1.26399129794066
376 1.34434322736341
377 0.964220875316976
378 1.12869580385444
379 1.3512074235405
380 1.28069796316251
381 1.29881929124876
382 0.874333388408629
383 1.27334978527618
384 1.65146929539224
385 1.12225030537269
386 1.26580681210092
387 1.14377982015935
388 0.875481851151693
389 1.28719165398673
390 1.06063262039561
391 0.872927942420815
392 1.59195257221566
393 1.57549607649936
394 1.24380468547534
395 1.15533955962154
396 1.26871356366051
397 0.964220875316976
398 1.34434322736341
399 0.908978801569321
400 0.838486411501858
401 1.15452307008929
402 1.15533955962154
403 1.03812133837751
404 1.23521748136195
405 1.14870055655387
406 1.77625214740378
407 1.10639363794769
408 1.59195257221566
409 1.05870454674603
410 0.964220875316976
411 1.29881929124876
412 1.36334581361167
413 1.12869580385444
414 1.26399129794066
415 1.65146929539224
416 0.964220875316976
417 1.06063262039561
418 1.27964012084841
419 1.27078819455928
420 1.15533955962154
421 1.14249181435993
422 1.77625214740378
423 1.11935024646262
424 0.964220875316976
425 1.06063262039561
426 1.28719165398673
427 0.964220875316976
428 1.15759254434749
429 1.29460870061335
430 0.905000876485061
431 1.28719165398673
432 1.17300903155223
433 1.26399129794066
434 1.3370772945508
435 1.16377821379892
436 0.964220875316976
437 1.73414785476577
438 1.15759254434749
439 1.26399129794066
440 1.15533955962154
441 1.4425170082377
442 1.23281912620181
443 1.22629461008744
444 1.32181215215242
445 1.57549607649936
446 1.29881929124876
447 1.28613153674292
448 1.23585060826102
449 0.957916714039778
450 1.33781543993288
451 1.14378563101186
452 1.74116046952272
453 1.65146929539224
454 1.23281912620181
455 1.20454106156565
456 1.28613153674292
457 0.964220875316976
458 1.57549607649936
459 1.13497600558893
460 1.44906595107354
461 1.12226213269272
462 1.29460870061335
463 1.38347033314047
464 1.56824523772476
465 1.13180975853934
466 1.36334581361167
467 1.28613153674292
468 1.26399129794066
469 1.05482468948814
470 1.06063262039561
471 1.36334581361167
472 1.25759057895243
473 1.15533955962154
474 1.65146929539224
475 1.26399129794066
476 1.2571010279363
477 1.44953739338973
478 1.27984147187862
479 1.27320228074185
480 1.29881929124876
481 1.59195257221566
482 1.06063262039561
483 1.16377821379892
484 1.34434322736341
485 1.4563509012262
486 1.15270085334814
487 1.15533955962154
488 1.12869580385444
489 1.62392268907719
490 1.23281912620181
491 1.27964012084841
492 1.05624639649028
493 0.964220875316976
494 1.29460870061335
495 1.23281912620181
496 1.23281912620181
497 1.11247240341447
498 1.28613153674292
499 1.36334581361167
500 1.06063262039561
501 1.57549607649936
502 1.29460870061335
503 1.29881929124876
504 1.15689975955619
505 1.09389089063274
506 1.12869580385444
507 1.29460870061335
508 1.22664169635484
509 1.14974710393926
510 1.73414785476577
511 1.06063262039561
512 1.23281912620181
513 1.35624233649214
514 1.28719165398673
515 1.28613153674292
516 1.28719165398673
517 1.38347033314047
518 1.38347033314047
519 1.36334581361167
520 1.28798650017956
521 1.37696961744171
522 1.15533955962154
523 1.44899066693203
524 0.964220875316976
525 1.29881929124876
526 1.14899034427372
527 1.05466829341929
528 1.28613153674292
529 1.28719165398673
530 1.34434322736341
531 1.23281912620181
532 1.06063262039561
533 0.953586770914813
534 1.34434322736341
535 1.72842921846093
536 1.12869580385444
537 1.77625214740378
538 0.952260926921793
539 1.12869580385444
540 1.57549607649936
541 1.65146929539224
542 1.38347033314047
543 1.05419685110311
544 0.958272750298918
545 1.05547507317016
546 1.29460870061335
547 1.27334978527618
548 1.44906595107354
549 1.06063262039561
550 1.06063262039561
551 1.23281912620181
552 1.26708250069222
553 1.26399129794066
554 1.15270085334814
555 1.28765272802815
556 1.57687556703443
557 1.36401050048919
558 1.14891560609065
559 1.23281912620181
560 1.34434322736341
561 1.44307497937298
562 1.29275590648811
563 1.04919711198765
564 1.56824523772476
565 1.29712326733473
566 1.23281912620181
567 1.27942691373323
568 1.36334581361167
569 1.29460870061335
570 1.28613153674292
571 1.15533955962154
572 1.12869580385444
573 1.16377821379892
574 1.12869580385444
575 1.4563509012262
576 1.12869580385444
577 1.77625214740378
578 1.27681839590296
579 1.4563509012262
580 0.964220875316976
581 1.44906595107354
582 1.23281912620181
583 1.23281912620181
584 1.65146929539224
585 1.06063262039561
586 1.05446417758247
587 1.59195257221566
588 1.15533955962154
589 1.05448663882295
590 1.59195257221566
591 1.59195257221566
592 1.15758125036447
593 0.958272750298918
594 1.15533955962154
595 1.44906595107354
596 1.16377821379892
597 0.964220875316976
598 1.25759057895243
599 0.964220875316976
600 1.15533955962154
601 1.15533955962154
602 1.37634177905667
603 1.10814105875593
604 0.964220875316976
605 1.12869580385444
606 1.28719165398673
607 1.43898799076198
608 1.27964012084841
609 1.06760687464873
610 0.964220875316976
611 1.29187239176128
612 1.29881929124876
613 0.958272750298918
614 1.254738945911
615 1.07324141408956
616 1.12797138238216
617 0.964220875316976
618 1.24362597292875
619 1.77625214740378
620 1.34434322736341
621 1.15759254434749
622 1.29460870061335
623 0.952245010512723
624 1.15533955962154
625 1.34434322736341
626 0.907268529996303
627 1.29460870061335
628 1.38347033314047
629 0.964220875316976
630 0.958256833889848
631 1.28199073389505
632 1.14323686015465
633 1.16377821379892
634 1.29460870061335
635 1.12869580385444
636 1.38347033314047
637 1.65146929539224
638 1.23281912620181
639 1.28613153674292
640 1.06063262039561
641 1.06063262039561
642 1.26399129794066
643 1.12869580385444
644 1.15533955962154
645 1.37093730249853
646 1.29165104928617
647 1.36334581361167
648 1.15533955962154
649 1.06063262039561
650 1.57549607649936
651 1.26399129794066
652 1.15533955962154
653 1.33728052832596
654 1.59195257221566
655 1.06063262039561
656 0.964220875316976
657 1.29460870061335
658 1.29881929124876
659 1.15533955962154
660 1.25738397234481
661 0.964220875316976
662 1.15533955962154
663 1.23281912620181
664 1.12869580385444
665 1.05482468948814
666 1.06063262039561
667 1.06063262039561
668 1.15759254434749
669 1.38347033314047
670 1.57839098187065
671 1.26399129794066
672 1.05543586881925
673 1.23281912620181
674 1.28719165398673
675 1.35618516105058
676 1.06063262039561
677 0.964220875316976
678 1.34434322736341
679 1.29460870061335
680 1.28613153674292
681 1.29881929124876
682 1.28719165398673
683 1.04903418367651
684 1.24446641300291
685 1.29460870061335
686 1.06063262039561
687 1.57549607649936
688 0.912751952738223
689 1.26399129794066
690 1.15258088897775
691 0.964220875316976
692 0.964220875316976
693 1.65146929539224
694 1.06063262039561
695 1.15752410990201
696 1.36334581361167
697 1.28719165398673
698 1.33720065436414
699 1.76924918487349
700 1.37654546021776
701 1.06063262039561
702 1.06063262039561
703 1.36334581361167
704 1.26399129794066
705 1.14889587891799
706 1.77625214740378
707 1.2915422777887
708 1.36334581361167
709 1.15533955962154
710 1.29881929124876
711 1.05439572340217
712 1.20494104916544
713 1.72671596044558
714 1.25748307881212
715 1.06063262039561
716 0.958335894451442
