"POS" "KL"
1 1.31111821684479
2 1.37297162674781
3 1.32486532309626
4 1.1946096440525
5 1.37420985772983
6 1.10278999833695
7 1.11614161362874
8 1.10953362130563
9 1.36080832210515
10 1.11614161362874
11 1.16222133580556
12 1.30683312014941
13 1.37420985772983
14 1.24846185228431
15 1.38831254115652
16 1.18779118672217
17 1.25514156110243
18 1.2239262639644
19 1.17230982103162
20 1.10278999833695
21 1.10278999833695
22 1.36080832210515
23 1.37420985772983
24 1.48074720682757
25 1.10278999833695
26 1.21477026513066
27 1.37297162674781
28 1.37420985772983
29 1.37420985772983
30 1.48074720682757
31 1.17230982103162
32 1.86891980328909
33 1.21477026513066
34 1.09620943292559
35 1.21477026513066
36 1.10278999833695
37 1.21477026513066
38 1.48074720682757
39 1.10278999833695
40 1.31111821684479
41 1.37297162674781
42 1.10278999833695
43 1.31791419489832
44 1.170889886413
45 1.17381472523618
46 1.10278999833695
47 1.87718055490123
48 1.38831254115652
49 1.48074720682757
50 1.17230982103162
51 1.18270831004245
52 1.12730997305991
53 1.21477026513066
54 1.10342847058473
55 1.92440278372018
56 1.06799253657556
57 1.10278999833695
58 1.18236018035148
59 0.846824144370921
60 1.18270831004245
61 1.10278999833695
62 1.21477026513066
63 1.25514156110243
64 1.35544955314342
65 1.38831254115652
66 1.11614161362874
67 1.1946096440525
68 1.37420985772983
69 1.21741400124095
70 1.37297162674781
71 1.21477026513066
72 1.37420985772983
73 1.11614161362874
74 1.37420985772983
75 1.16264830143574
76 1.30119241839289
77 1.18116356394193
78 1.16687190693957
79 1.37420985772983
80 1.16562660344706
81 1.21477026513066
82 1.48074720682757
83 1.25514156110243
84 1.38831254115652
85 1.10278999833695
86 1.37297162674781
87 1.87887591612474
88 1.32486532309626
89 1.09131648331141
90 1.18270831004245
91 1.25514156110243
92 1.31111821684479
93 1.25514156110243
94 1.34049268304755
95 1.10954757692701
96 1.18270831004245
97 1.17640188766849
98 1.17230982103162
99 1.87718055490123
100 1.37420985772983
101 1.21477026513066
102 1.2239262639644
103 1.36080832210515
104 1.17640188766849
105 1.18784213026915
106 1.17230982103162
107 1.87887591612474
108 1.08121214010442
109 1.18270831004245
110 1.09665962052413
111 1.29350444293299
112 1.18270831004245
113 1.18556860306067
114 1.27418664582323
115 1.38831254115652
116 1.38831254115652
117 1.10278999833695
118 1.17381472523618
119 1.28660307136765
120 1.37297162674781
121 1.16234894862125
122 1.11614161362874
123 1.10278999833695
124 1.38111779321434
125 1.21477026513066
126 1.17381472523618
127 1.38831254115652
128 1.10278999833695
129 1.48074720682757
130 1.37297162674781
131 1.92440278372018
132 1.10278999833695
133 1.1098752354907
134 1.1878350759305
135 1.16718442482141
136 1.1946096440525
137 1.38831254115652
138 1.37420985772983
139 1.25514156110243
140 1.25514156110243
141 1.10278999833695
142 1.25514156110243
143 1.11614161362874
144 1.24868070267623
145 1.1946096440525
146 1.10278999833695
147 1.21739625945633
148 1.17594693949669
149 1.27726901765378
150 1.36080832210515
151 1.16708526539795
152 1.15860094473418
153 1.1946096440525
154 1.13860916722013
155 1.11614161362874
156 1.08371610167098
157 1.25514156110243
158 1.1946096440525
159 1.16441483832739
160 1.17230982103162
161 1.21477026513066
162 1.17381472523618
163 1.11614161362874
164 1.21217428989513
165 1.36586558333392
166 1.36080832210515
167 1.11614161362874
168 1.16905777091362
169 1.37297162674781
170 1.3122971624239
171 1.24585888839438
172 1.09708514644018
173 1.17230982103162
174 1.30420993922227
175 1.27416613389172
176 1.12164916636425
177 1.10795467904676
178 1.02534142416388
179 1.2010875441821
180 1.17605871768667
181 1.21742607964342
182 1.08653193951305
183 1.10278999833695
184 1.86881057014554
185 1.36080832210515
186 1.38831254115652
187 1.17381472523618
188 1.16234894862125
189 1.17381472523618
190 1.16708526539795
191 1.28243956315507
192 1.17381472523618
193 1.37297162674781
194 1.16416315259596
195 1.30420993922227
196 1.08976733487772
197 1.16234894862125
198 1.1520423629923
199 1.31111821684479
200 1.19795046965945
201 1.10278999833695
202 1.37534636576214
203 1.17381472523618
204 1.10278999833695
205 1.2239262639644
206 1.21477026513066
207 1.16234894862125
208 1.16905777091362
209 1.16236824056226
210 1.38831254115652
211 1.08657711671166
212 1.05998322890342
213 1.03648673923341
214 1.13111663086525
215 0.926577700636477
216 1.08679037957038
217 1.48074720682757
218 1.10965627874638
219 1.2239262639644
220 1.17381472523618
221 1.24809193942375
222 1.1098454153036
223 1.10278999833695
224 1.11614161362874
225 1.18784213026915
226 1.10278999833695
227 1.31111821684479
228 1.10278999833695
229 1.16905777091362
230 1.37297162674781
231 1.24824274164218
232 1.18270831004245
233 1.17381472523618
234 1.21477026513066
235 1.16236824056226
236 1.11614161362874
237 1.15026273134799
238 1.17381472523618
239 1.17381472523618
240 1.25514156110243
241 1.2239262639644
242 1.25514156110243
243 1.10278999833695
244 1.37420985772983
245 1.21477026513066
246 1.31111821684479
247 1.38831254115652
248 1.2239262639644
249 1.17381472523618
250 1.21477026513066
251 1.36080832210515
252 1.32486532309626
253 1.47488800794898
254 1.36080832210515
255 1.32486532309626
256 1.18270831004245
257 1.08994701327267
258 1.11614161362874
259 1.25514156110243
260 1.15011326161011
261 1.1538317053773
262 1.2239262639644
263 1.87887591612474
264 1.18270831004245
265 1.16234894862125
266 1.11614161362874
267 1.18270831004245
268 1.38831254115652
269 1.16099735476362
270 1.21477026513066
271 1.11614161362874
272 1.37420985772983
273 1.32486532309626
274 1.21477026513066
275 1.21477026513066
276 1.1946096440525
277 1.18270831004245
278 1.16905777091362
279 1.16905777091362
280 1.25514156110243
281 1.16905777091362
282 1.11614161362874
283 1.25514156110243
284 1.1946096440525
285 1.32486532309626
286 1.32486532309626
287 1.17381472523618
288 1.16905777091362
289 1.30442889596659
290 1.31111821684479
291 1.09640133788502
292 1.18784213026915
293 1.17230982103162
294 1.37112286767288
295 1.37297162674781
296 1.10278999833695
297 1.18270831004245
298 1.10995320295059
299 1.17230982103162
300 1.35401121357996
301 1.09027300805307
302 1.2239262639644
303 1.10278999833695
304 1.21477026513066
305 1.37297162674781
306 1.1946096440525
307 1.10278999833695
308 1.16905777091362
309 1.92440278372018
310 1.1946096440525
311 1.17604631448412
312 1.1946096440525
313 1.38831254115652
314 1.1946096440525
315 1.37420985772983
316 1.17381472523618
317 1.28161139961423
318 1.36080832210515
319 1.11614161362874
320 1.2423266550547
321 1.31111821684479
322 1.2239262639644
323 1.10278999833695
324 1.47375477466095
325 1.21738411622736
326 1.10278999833695
327 1.16707268857044
328 1.18782947071567
329 1.38831254115652
330 1.37420985772983
331 1.16462578165986
332 1.92440278372018
333 1.36080832210515
334 1.16692862819527
335 1.18826569203244
336 1.22704881173125
337 1.11614161362874
338 1.17230982103162
339 1.17052108838589
340 1.25514156110243
341 1.37420985772983
342 1.2239262639644
343 1.31111821684479
344 1.36080832210515
345 1.17230982103162
346 1.1946096440525
347 1.16905777091362
348 1.31111821684479
349 1.25514156110243
350 1.16707268857044
351 1.11614161362874
352 1.2095812490582
353 1.16233641665797
354 1.21477026513066
355 1.48074720682757
356 1.31111821684479
357 1.35354474249559
358 1.16584015892902
359 1.17230982103162
360 1.15692594537497
361 1.10797997558013
362 1.30407769432772
363 1.14738114912709
364 1.11614161362874
365 1.17381472523618
366 1.10278999833695
367 1.38831254115652
368 1.14686523695329
369 1.36703924914587
370 1.24807866659224
371 1.18270831004245
372 1.29902547892322
373 1.11614161362874
374 1.24262891515337
375 0.799868189476704
376 1.2239262639644
377 1.37297162674781
378 1.11614161362874
379 1.15201154370824
380 1.48074720682757
381 1.36080832210515
382 1.18115649426776
383 1.16462578165986
384 1.13608798781419
385 1.10278999833695
386 1.05190348459849
387 1.12598021547629
388 1.15692594537497
389 1.2239262639644
390 1.17604631448412
391 1.13891038798283
392 1.18471631093859
393 1.16164153487734
394 1.37420985772983
395 1.11614161362874
396 1.11614161362874
397 1.11467518099836
398 1.26441346190403
399 1.20948227760691
400 1.10278999833695
401 1.25514156110243
402 1.09285907122058
403 1.11614161362874
404 1.17230982103162
405 1.37420985772983
406 1.21477026513066
407 1.31111821684479
408 1.31111821684479
409 1.30419697366044
410 1.2082779067525
411 1.31111821684479
412 1.36080832210515
413 1.1946096440525
414 1.31111821684479
415 1.11614161362874
416 1.17230982103162
417 1.10278999833695
418 1.32486532309626
419 1.11614161362874
420 1.21477026513066
421 1.32486532309626
422 1.11260427168355
423 1.21741400124095
424 1.11614161362874
425 1.1946096440525
426 1.11614161362874
427 1.21477026513066
428 1.38831254115652
429 1.16233641665797
430 1.01157217112413
431 1.47487732299312
432 1.10278999833695
433 1.08870956013743
434 1.10278999833695
435 1.09632164258413
436 1.47375477466095
437 1.91603937508887
438 1.92440278372018
439 1.37297162674781
440 1.21477026513066
441 1.11614161362874
442 1.38831254115652
443 1.17230982103162
444 1.17230982103162
445 1.37297162674781
446 1.37297162674781
447 1.36080832210515
448 1.24856143903737
449 1.11614161362874
450 1.2239262639644
451 1.32486532309626
452 1.1946096440525
453 1.25514156110243
454 1.37420985772983
455 1.18236018035148
456 1.82174794400779
457 1.16973029183385
458 1.21477026513066
459 1.21726242784531
460 1.37520675159802
461 1.25514156110243
462 1.21477026513066
463 1.31791419489832
464 1.36585218784647
465 1.17381472523618
466 1.36080832210515
467 1.48074720682757
468 1.17381472523618
469 1.09632164258413
470 1.87887591612474
471 1.16905777091362
472 1.11614161362874
473 1.31103298294653
474 1.21477026513066
475 1.2239262639644
476 1.1946096440525
477 1.31111821684479
478 1.17230982103162
479 1.16905777091362
480 1.16905777091362
481 1.16905777091362
482 1.17230982103162
483 1.48074720682757
484 1.2239262639644
485 1.1946096440525
486 1.10495605476497
487 1.10278999833695
488 1.21477026513066
489 1.10278999833695
490 1.36080832210515
491 1.18270831004245
492 1.35366684729429
493 1.10278999833695
494 1.17230982103162
495 1.36080832210515
496 1.36080832210515
497 1.48074720682757
498 1.17381472523618
499 1.48074720682757
500 1.21477026513066
501 1.36080832210515
502 1.32486532309626
503 1.25514156110243
504 1.1946096440525
505 1.36080832210515
506 1.17230982103162
507 1.31111821684479
508 1.18270831004245
509 1.11614161362874
510 1.37420985772983
511 1.17230982103162
512 1.36080832210515
513 1.21477026513066
514 1.32486532309626
515 1.17230982103162
516 1.21477026513066
517 1.2239262639644
518 1.1946096440525
519 1.18270831004245
520 1.17230982103162
521 1.25514156110243
522 1.37297162674781
523 1.31111821684479
524 1.17230982103162
525 1.21741400124095
526 1.21477026513066
527 1.31227394967303
528 1.10278999833695
529 1.32486532309626
530 1.2239262639644
531 1.16233641665797
532 1.1946096440525
533 1.1946096440525
534 1.31111821684479
535 1.2239262639644
536 1.18825393217203
537 1.1946096440525
538 1.37297162674781
539 1.11614161362874
540 1.21477026513066
541 1.36703924914587
542 1.25514156110243
543 1.09638950192574
544 1.25514156110243
545 1.38831254115652
546 1.31111821684479
547 1.25514156110243
548 1.11614161362874
549 1.38831254115652
550 1.11614161362874
551 1.36080832210515
552 1.21741400124095
553 1.16233641665797
554 1.37297162674781
555 1.48074720682757
556 1.17381472523618
557 1.48074720682757
558 1.10278999833695
559 1.48074720682757
560 1.17381472523618
561 1.87887591612474
562 1.87718055490123
563 1.16707268857044
564 1.2027932845557
565 1.36004363191777
566 1.08067709760631
567 1.38831254115652
568 1.2239262639644
569 1.38831254115652
570 1.10278999833695
571 1.16707268857044
572 1.17381472523618
573 1.16542699552159
574 1.35366684729429
575 1.18270831004245
576 1.0642066258162
577 1.15692594537497
578 1.10237226655122
579 1.11614161362874
580 1.92440278372018
581 1.10600740111893
582 1.37520675159802
583 1.10278999833695
584 1.08029472738076
585 1.17230982103162
586 1.16905777091362
587 1.24150060143173
588 1.21477026513066
589 1.11614161362874
590 1.11614161362874
591 1.31227394967303
592 1.15135097887304
593 1.37297162674781
594 1.21477026513066
595 1.21477026513066
596 1.37420985772983
597 1.1946096440525
598 1.11614161362874
599 1.47375477466095
600 1.1946096440525
601 1.2239262639644
602 1.1687147429461
603 1.1946096440525
604 1.11614161362874
605 1.86940096261306
606 1.2239262639644
607 1.37420985772983
608 1.18270831004245
609 1.32486532309626
610 1.87887591612474
611 1.11614161362874
612 1.16905777091362
613 1.92440278372018
614 1.17640188766849
615 1.11614161362874
616 1.31111821684479
617 1.37297162674781
618 1.14839112989087
619 1.2771814656357
620 1.48074720682757
621 1.22934045233663
622 1.21477026513066
623 1.17381472523618
624 1.11614161362874
625 1.87062409372518
626 1.1946096440525
627 1.36705275563048
628 1.05966960224051
629 1.1946096440525
630 1.37420985772983
631 1.36080832210515
632 1.31799493742794
633 1.16563905268437
634 1.87718055490123
635 1.16234894862125
636 1.18270831004245
637 1.21697331671616
638 1.13229857113508
639 1.17230982103162
640 1.3122971624239
641 1.1946096440525
642 1.11550626302227
643 1.24833484672699
644 1.3122971624239
645 1.32486532309626
646 1.30409091862996
647 1.36090208404115
648 1.24857366464015
649 1.87718055490123
650 1.21477026513066
651 1.36693091570119
652 1.24868070267623
653 1.16905777091362
654 1.1243680319179
655 1.31111821684479
656 1.17605871768667
657 1.48074720682757
658 1.37297162674781
659 1.25514156110243
660 1.3176934191037
661 1.25514156110243
662 1.10278999833695
663 1.09622165949007
664 1.87718055490123
665 1.17230982103162
666 1.92440278372018
667 1.16457944711569
668 1.35412290137891
669 1.16905777091362
670 1.17381472523618
671 1.1946096440525
672 1.17381472523618
673 1.17230982103162
674 1.2239262639644
675 1.10998227352678
676 1.1946096440525
677 1.10278999833695
678 1.17230982103162
679 1.38831254115652
680 1.17381472523618
681 1.21477026513066
682 1.2239262639644
683 1.11614161362874
684 1.18270831004245
685 1.37297162674781
686 1.18270831004245
687 1.38831254115652
688 1.30442889596659
689 1.48074720682757
690 1.37112286767288
691 1.16905777091362
692 1.87887591612474
693 1.87129315529957
694 0.961033379481753
695 1.11614161362874
696 1.34643246711041
697 1.18270831004245
698 1.16905777091362
699 1.36080832210515
700 1.36080832210515
701 1.37420985772983
702 1.17230982103162
703 1.17230982103162
704 1.17230982103162
705 1.48074720682757
706 1.17381472523618
707 1.17381472523618
708 1.37420985772983
709 1.32486532309626
710 1.21477026513066
711 1.2239262639644
712 1.17230982103162
713 1.16559394440061
714 1.31111821684479
715 1.31810374262197
716 1.17639023048764
717 1.25514156110243
718 1.31111821684479
719 1.28535593410791
720 1.17230982103162
721 1.17381472523618
722 1.25514156110243
723 1.17381472523618
724 1.2239262639644
725 1.37297162674781
726 1.25514156110243
727 1.17381472523618
728 1.21735288105731
729 1.37297162674781
730 1.36080832210515
731 1.18270831004245
732 1.17230982103162
733 1.20236419065589
734 1.17381472523618
735 1.2239262639644
736 1.13071722781803
737 1.16227299876518
738 1.17598354888471
739 1.16250551474599
740 1.35347536608243
741 1.18581801989512
742 1.18270831004245
743 1.20735828154092
744 1.26416826235164
745 1.15681353779889
746 1.15014338499643
747 1.87887591612474
748 1.16068864439205
749 1.10278999833695
750 1.2239262639644
751 1.18270831004245
752 1.17598354888471
753 1.10988411566525
754 1.17381472523618
755 1.17381472523618
756 1.38831254115652
757 1.12041010321358
