"POS" "KL"
1 1.33742632579661
2 1.14937450758691
3 1.0894726192825
4 1.17517287673877
5 1.18598892141876
6 1.15629785083005
7 1.09450134366488
8 1.08313638650255
9 1.32650646556183
10 1.08836998237438
11 1.33004070679398
12 1.15019677320777
13 1.31858576260281
14 1.16285678243767
15 1.09633008633508
16 1.1575223830826
17 1.09633008633508
18 1.15629785083005
19 1.17471671352013
20 1.09450134366488
21 1.15072917468342
22 1.19861259973471
23 1.1575223830826
24 1.1575223830826
25 1.08666458676553
26 1.35089518971288
27 1.87846232522593
28 1.33026300168358
29 1.22070212391221
30 1.18177458310859
31 1.18177458310859
32 1.23554024155851
33 1.23554024155851
34 1.66906147373539
35 1.15115823122422
36 1.16285678243767
37 1.19914595505621
38 1.09633008633508
39 1.32420379065933
40 1.15629785083005
41 1.23554024155851
42 1.387587366242
43 1.41724658970279
44 1.22015848496947
45 1.09450134366488
46 1.078173617727
47 1.33742632579661
48 1.23554024155851
49 1.8789368084829
50 1.33026300168358
51 1.33742632579661
52 1.22705561231385
53 1.33012185585582
54 1.22273504289059
55 1.67537500686966
56 1.40978495053273
57 1.18177458310859
58 1.15091724713365
59 1.22705561231385
60 1.32682054173519
61 1.19907396787887
62 1.06836672944565
63 1.18177458310859
64 1.25260527090709
65 1.10504036798409
66 1.30582869486937
67 1.09969526315541
68 1.41724658970279
69 1.15629785083005
70 1.07578870829482
71 1.387587366242
72 1.15629785083005
73 1.32420379065933
74 1.19914595505621
75 1.32420379065933
76 1.12475259451156
77 1.09450134366488
78 1.8789368084829
79 1.1565905053415
80 1.22273504289059
81 1.09747608648941
82 1.37440871592089
83 1.35089518971288
84 1.22705561231385
85 1.19914595505621
86 1.16285678243767
87 1.30605475982355
88 1.09633008633508
89 1.08666458676553
90 1.31584062851164
91 1.07011830124779
92 1.16285678243767
93 1.40978495053273
94 1.09450134366488
95 1.22705561231385
96 1.08666458676553
97 1.1575223830826
98 1.8789368084829
99 1.8789368084829
100 1.3807502970927
101 1.08987708341231
102 1.38033973288468
103 1.19914595505621
104 1.40993419821564
105 1.1255687593993
106 1.06320741053394
107 1.13548445626758
108 1.13888757391744
109 0.919004187588753
110 1.87846232522593
111 1.67537500686966
112 1.41724658970279
113 1.23554024155851
114 1.08011529528626
115 1.67537500686966
116 1.16506763557372
117 1.15133251127642
118 1.67537500686966
119 1.49938279100397
120 1.1499657806227
121 1.22847933402778
122 1.0511562679164
123 1.13770788389495
124 1.09633008633508
125 1.09450134366488
126 1.23554024155851
127 1.84439244293047
128 1.19914595505621
129 1.1575223830826
130 1.49938279100397
131 1.19914595505621
132 1.41724658970279
133 1.02716345275249
134 1.8712619479067
135 1.49938279100397
136 1.09633008633508
137 1.387587366242
138 1.32420379065933
139 1.06156960115295
140 1.23554024155851
141 1.17480996413437
142 1.09027382216372
143 1.09633008633508
144 1.09027382216372
145 1.08666458676553
146 1.35089518971288
147 1.06927413576111
148 1.387587366242
149 1.41724658970279
150 1.19914595505621
151 1.87846232522593
152 1.1856066915628
153 1.34380690427946
154 1.09450134366488
155 1.13250956785752
156 1.22705561231385
157 1.20414861408796
158 1.15629785083005
159 1.22705561231385
160 1.32420379065933
161 1.35089518971288
162 1.08666458676553
163 1.18177458310859
164 1.33742632579661
165 1.15629785083005
166 1.08011529528626
167 1.08666458676553
168 1.49301009825727
169 1.41724658970279
170 1.387587366242
171 1.15629785083005
172 1.08666458676553
173 1.19914595505621
174 1.22705561231385
175 1.09633008633508
176 1.16916196155369
177 1.09450134366488
178 1.15091724713365
179 1.15595057952801
180 1.14971391392367
181 1.16285678243767
182 1.32420379065933
183 1.08330711705904
184 1.12176527016031
185 1.14189048310493
186 1.15093577252501
187 1.20788717568865
188 1.14971391392367
189 1.23554024155851
190 1.22847933402778
191 1.115868991193
192 1.15629785083005
193 1.09450134366488
194 1.29833638341753
195 1.2432362983842
196 2.18053686917982
197 1.22897687486692
198 1.13791958486097
199 1.22015848496947
200 1.41724658970279
201 1.09450134366488
202 1.33742632579661
203 1.08011529528626
204 1.22705561231385
205 1.67537500686966
206 1.33742632579661
207 1.09450134366488
208 1.15629785083005
209 1.09633008633508
210 1.15629785083005
211 1.09450134366488
212 1.07360600749445
213 1.09633008633508
214 1.21748899669324
215 1.14562872757823
216 1.08987708341231
217 1.49938279100397
218 1.09450134366488
219 1.40993419821564
220 1.06272786571858
221 1.20762552143462
222 1.19914595505621
223 1.19914595505621
224 1.1575223830826
225 1.11800755333632
226 1.16285678243767
227 1.07014819005462
228 1.67537500686966
229 1.18177458310859
230 1.15629785083005
231 1.0740067965773
232 1.08945712962769
233 1.87047984445677
234 1.07483115104722
235 1.15125614633472
236 1.31763772418691
237 1.19914595505621
238 1.15132104616724
239 2.18053686917982
240 1.87045465990722
241 1.15629785083005
242 1.32420379065933
243 1.32410907975794
244 1.66971073265822
245 1.1575223830826
246 1.41724658970279
247 1.19914595505621
248 1.19914595505621
249 1.14962194913921
250 1.08666458676553
251 1.06406331419864
252 1.387587366242
253 1.35089518971288
254 1.35089518971288
255 0.961932370240514
256 1.35089518971288
257 1.32420379065933
258 1.16285678243767
259 1.09450134366488
260 1.18177458310859
261 1.16860999873414
262 1.22705561231385
263 1.22705561231385
264 1.09633008633508
265 1.387587366242
266 1.18177458310859
267 1.08666458676553
268 1.09633008633508
269 1.09633008633508
270 1.22705561231385
271 1.10023750987697
272 1.08010304370077
273 1.16285678243767
274 1.20942851787549
275 1.35089518971288
276 1.41724658970279
277 1.09450134366488
278 1.22705561231385
279 1.16285678243767
280 1.09450134366488
281 1.09450134366488
282 1.15629785083005
283 1.33742632579661
284 2.17161974425408
285 1.87124827162572
286 1.16285678243767
287 1.1575223830826
288 1.31097870782433
289 1.18177458310859
290 1.18586136448531
291 1.19914595505621
292 0.969115177970724
293 1.01812722789617
294 1.33742632579661
295 1.01832127381237
296 1.35089518971288
297 1.17608501034453
298 1.08861763747319
299 1.06406331419864
300 1.32420379065933
301 1.387587366242
302 1.40990629895003
303 1.1575223830826
304 1.15629785083005
305 1.15629785083005
306 1.3169354998907
307 1.22705561231385
308 1.08666458676553
309 1.26071308033993
310 1.18177458310859
311 2.18053686917982
312 1.22271118625861
313 1.22705561231385
314 1.22705561231385
315 1.32452531606579
316 1.19914595505621
317 1.09450134366488
318 1.08986504252389
319 1.16913852631583
320 1.16285678243767
321 1.15593754695471
322 1.16285678243767
323 1.49938279100397
324 1.16285678243767
325 1.49938279100397
326 1.19914595505621
327 1.19914595505621
328 1.49172717475828
329 1.1508057901353
330 1.49938279100397
331 1.23554024155851
332 1.03248255575353
333 1.1575223830826
334 1.16285678243767
335 1.19914595505621
336 1.14915829711806
337 1.15664377287602
338 0.964420792374496
339 1.22271118625861
340 0.864497630730536
341 1.15629785083005
342 1.15629785083005
343 1.15629785083005
344 1.07111231974378
345 1.0886068232073
346 1.1575223830826
347 1.19914595505621
348 1.387587366242
349 1.09450134366488
350 1.32420379065933
351 1.1575223830826
352 1.08825165552044
353 1.16120913444435
354 1.07797593203263
355 1.08469822064192
356 1.06382038984288
357 1.87066846884102
358 1.15629785083005
359 1.19914595505621
360 1.67537500686966
361 1.15629785083005
362 1.15629785083005
363 1.49938279100397
364 1.1575223830826
365 1.33742632579661
366 1.0800907429505
367 1.19914595505621
368 1.07167312769311
369 1.08970599775557
370 1.22705561231385
371 1.1575223830826
372 1.22705561231385
373 1.18177458310859
374 1.07089269316656
375 1.09633008633508
376 1.23554024155851
377 1.22705561231385
378 1.1508057901353
379 1.08360134803865
380 1.09633008633508
381 1.09450134366488
382 1.10908756086497
383 1.32420379065933
384 1.09450134366488
385 1.18177458310859
386 1.08666458676553
387 1.16285678243767
388 1.19914595505621
389 1.04404911716782
390 1.30148051503318
391 1.14994218101182
392 1.3072298397456
393 1.16285678243767
394 1.18177458310859
395 1.19542073326063
396 1.14994218101182
397 1.22012070879362
398 1.12354697601822
399 1.18177458310859
400 1.08666458676553
401 1.21996531888941
402 1.33742632579661
403 1.08666458676553
404 1.48402706576398
405 1.15606266582506
406 1.30977310929527
407 1.15629785083005
408 1.34377998793513
409 2.1713768043578
410 1.33742632579661
411 1.15227721449432
412 1.23554024155851
413 1.22705561231385
414 1.08666458676553
415 1.09633008633508
416 1.19213016392879
417 1.35089518971288
418 1.09450134366488
419 1.3803259531988
420 1.49938279100397
421 1.02408995697862
422 1.387587366242
423 1.09633008633508
424 1.22705561231385
425 1.38031428055251
426 1.32420379065933
427 1.09633008633508
428 1.09450134366488
429 1.387587366242
430 1.40992027682707
431 1.33742632579661
432 1.87846232522593
433 1.32420379065933
434 1.0886068232073
435 1.09450134366488
436 1.09633008633508
437 1.87846232522593
438 1.49938279100397
439 1.32420379065933
440 1.23554024155851
441 1.33716725677239
442 1.22705561231385
443 1.22859718342357
444 1.08666458676553
445 1.09450134366488
446 1.49938279100397
447 1.31440960927536
448 1.37463250064516
449 1.8789368084829
450 1.19215131381844
451 1.03462604249488
452 1.15629785083005
453 1.36477580384954
454 1.18177458310859
455 1.34369971374828
456 1.3221017011859
457 1.08666458676553
458 1.33742632579661
459 1.19914595505621
460 1.33742632579661
461 1.15015568700199
462 1.19914595505621
463 1.14303627081899
464 1.08334465220461
465 1.41724658970279
466 1.35089518971288
467 1.33742632579661
468 1.1575223830826
469 1.41724658970279
470 1.16285678243767
471 1.13160767876013
472 1.14970158652762
473 1.18165275315999
474 1.16285678243767
475 1.08334465220461
476 1.08986504252389
477 1.18647617453312
478 0.852527572017362
479 1.08974739338067
480 1.0464786335736
481 1.16285678243767
482 1.22271118625861
483 1.32410907975794
484 1.19914595505621
485 1.0800907429505
486 1.35089518971288
487 1.15629785083005
488 1.67537500686966
489 1.16285678243767
490 1.1565788730435
491 1.1575223830826
492 1.15629785083005
493 1.09633008633508
494 1.08010304370077
495 1.05754310850601
496 1.08666458676553
497 1.12850113308305
498 1.18177458310859
499 1.35089518971288
500 1.09633008633508
501 1.49938279100397
502 1.09450134366488
503 1.09633008633508
504 1.08666458676553
505 1.09633008633508
506 1.34385454473621
507 1.32420379065933
508 1.08510752495005
509 1.19914595505621
510 1.387587366242
511 0.997255761731647
512 1.09450134366488
513 1.09450134366488
514 1.16285678243767
515 1.41724658970279
516 1.15629785083005
517 1.15629785083005
518 1.08666458676553
519 1.16285678243767
520 1.15629785083005
521 1.1575223830826
522 1.32420379065933
523 1.19914595505621
524 1.11160865216207
525 1.15629785083005
526 1.21745574935653
527 1.09450134366488
528 1.1575223830826
529 1.16944862608089
530 1.1575223830826
531 1.67537500686966
532 1.16285678243767
533 1.16285678243767
534 1.16285678243767
535 1.33742632579661
536 1.33742632579661
537 1.8789368084829
538 1.15629785083005
539 1.18177458310859
540 1.387587366242
541 1.19914595505621
542 1.40992027682707
543 1.14995400435728
544 1.16285678243767
545 1.08666458676553
546 1.09450134366488
547 1.0127728676502
548 1.387587366242
549 1.1575223830826
550 1.67537500686966
551 1.32420379065933
552 1.8789368084829
553 1.17479680373599
554 1.18177458310859
555 1.09633008633508
556 1.37438404210805
557 1.8789368084829
558 1.15629785083005
559 1.00225448292513
560 0.992191654036373
561 1.23554024155851
562 1.18177458310859
563 1.32420379065933
564 1.8789368084829
565 1.16285678243767
566 1.31724011729819
567 1.34420581772073
568 1.41724658970279
569 1.1575223830826
570 1.28821330233993
571 1.09450134366488
572 1.67537500686966
573 1.387587366242
574 1.22845253776198
575 1.31120170038604
576 1.14968920963429
577 1.49938279100397
578 1.15629785083005
579 1.41724658970279
580 1.49938279100397
581 1.32420379065933
582 1.16285678243767
583 1.09450134366488
584 1.03620663358979
585 1.41724658970279
586 1.12967260457063
587 1.22705561231385
588 1.09694162800742
589 1.09633008633508
590 1.0787666888335
591 1.27757399642913
592 1.67537500686966
593 1.16285678243767
594 1.19914595505621
595 1.49938279100397
596 1.08666458676553
597 1.09633008633508
598 1.14450665087665
599 1.09450134366488
600 1.49938279100397
601 1.32420379065933
602 1.32420379065933
603 1.33742632579661
604 1.09633008633508
605 1.35089518971288
606 1.08666458676553
607 1.08113792688065
608 1.19914595505621
609 1.1575223830826
610 1.49938279100397
611 1.34420581772073
612 1.1507643945102
613 1.04728606632197
614 1.32420379065933
615 1.18177458310859
616 1.17534551651286
617 1.23554024155851
618 1.09450134366488
619 1.08792265233557
620 1.41724658970279
621 1.49938279100397
622 1.22014547225518
623 1.22705561231385
624 1.22013379960888
625 1.41724658970279
626 1.41724658970279
627 1.14970158652762
628 1.32420379065933
629 1.14716139793171
630 1.08986504252389
631 1.33742632579661
632 1.32420379065933
633 1.49938279100397
634 1.16285678243767
635 1.16285678243767
636 1.09450134366488
637 1.12403943378335
638 1.08666458676553
639 1.387587366242
640 1.07486100258846
641 1.09633008633508
642 1.19914595505621
643 1.15606266582506
644 1.19914595505621
645 1.28629941551002
646 1.08969355984409
647 1.18177458310859
648 1.08825165552044
649 1.04720500188886
650 1.09633008633508
651 1.19914595505621
652 1.387587366242
653 1.16285678243767
654 1.39837095724488
655 1.06951412907186
656 1.49409413157892
657 1.38047151119665
658 1.64650736084072
659 1.37435926923731
660 1.1753218512601
661 1.19179068752201
662 1.13861978669568
663 1.2174223699693
664 1.09633008633508
665 1.09450134366488
666 1.15075166295838
667 1.00729680880738
668 1.09450134366488
669 1.19213806329148
670 1.23554024155851
671 1.34419323664387
672 1.22705561231385
673 1.19914595505621
674 1.20460980382295
675 1.09450134366488
676 1.03440430422974
677 1.14325582097315
678 1.35089518971288
679 1.41724658970279
680 1.32735232762854
681 1.15629785083005
682 1.176991761097
683 1.11602288761819
684 1.17370301718996
685 1.19914595505621
686 1.08666458676553
687 1.15629785083005
688 1.16285678243767
689 1.22705561231385
690 1.08666458676553
691 1.09450134366488
692 1.09633008633508
693 1.19914595505621
694 1.49938279100397
695 1.09450134366488
696 1.16897182548839
697 1.08762387511974
698 1.19914595505621
699 1.23554024155851
700 1.14953301530964
701 1.35089518971288
702 1.21721927475753
703 1.09633008633508
704 1.67537500686966
705 1.19914595505621
706 1.41724658970279
707 1.22705561231385
708 1.09450134366488
709 1.16285678243767
710 1.18177458310859
711 1.38022791141485
712 1.15629785083005
713 1.09450134366488
714 1.15063802112396
715 1.32426408345912
716 1.09450134366488
717 1.20919915835282
718 1.23554024155851
719 1.19914595505621
720 1.15629785083005
721 1.22890660154924
722 1.22705561231385
723 1.387587366242
724 1.08666458676553
725 1.09450134366488
726 1.18177458310859
727 1.19914595505621
728 1.32420379065933
729 1.19914595505621
730 1.35089518971288
731 1.07331544646536
732 1.08666458676553
733 1.09450134366488
734 1.08001588878316
735 1.33742632579661
736 1.23554024155851
737 1.0895922275514
738 1.2283390667168
739 1.08957758707906
740 1.35089518971288
741 1.15653826095569
742 1.15582192947496
743 1.17467592813642
744 1.09450134366488
745 1.15064793435081
746 1.34473311914583
747 1.16285678243767
748 1.32420379065933
749 1.15064793435081
750 1.22002595548111
751 1.1575223830826
752 1.23554024155851
753 1.09633008633508
754 1.18177458310859
755 1.09633008633508
756 1.33742632579661
757 1.22705561231385
758 1.17482073958648
759 1.387587366242
